/* # customers */
75
/* # parking sites */
20
/* # clusters [considering cluster 0 for the depot]*/
17
/* # Trucks */
4
/* Truck capacity [kg] */
5000
/* working shift [min] */
540
/* Service time [min] */
12
/* # Service days */
6
/* # Delivery patterns */
11
/* Description of depot: [id] [coordenate x] [coordenate y] */
0	-33.049	-71.5088
/* Description of customers: [id] [coordenate x] [coordenate y] [required frequency] [demand kg] */
3	-33.0242	-71.5576	4	1978
9	-33.0079	-71.5392	1	344
12	-33.0234	-71.5513	3	309
13	-32.9959	-71.5462	2	308
14	-33.025	-71.5511	2	305
15	-33.0241	-71.5579	4	290
16	-32.9917	-71.5445	2	284
17	-33.0434	-71.5167	2	255
18	-33.023	-71.557	3	239
19	-33.0251	-71.5595	2	234
21	-33.0329	-71.5365	1	212
23	-33.008	-71.5395	2	190
27	-33.0151	-71.5511	3	172
28	-33.0149	-71.5555	1	167
29	-32.9661	-71.5297	3	154
30	-33.0249	-71.5525	1	154
35	-33.0193	-71.5428	2	132
36	-33.0087	-71.5477	3	127
37	-33.0118	-71.5413	2	127
38	-33.0169	-71.558	2	124
40	-33.0562	-71.4953	2	110
41	-33.024	-71.5538	3	109
42	-33.0237	-71.5523	3	108
43	-33.0115	-71.5428	2	107
44	-33.0154	-71.5564	2	107
45	-33.0164	-71.5517	1	96
46	-33.0239	-71.559	2	95
48	-33.0123	-71.549	2	94
50	-33.0176	-71.5492	1	89
53	-33.0336	-71.533	1	88
54	-33.0484	-71.5083	3	86
55	-32.9703	-71.5446	2	85
58	-33.0076	-71.541	1	76
59	-33.0178	-71.5462	1	74
60	-32.99	-71.5438	2	74
62	-33.0173	-71.5508	2	71
64	-33.0174	-71.5543	2	71
67	-33.0165	-71.5567	3	66
70	-33.0038	-71.5354	1	63
72	-33.0119	-71.544	2	63
73	-32.9727	-71.5365	1	62
78	-33.0296	-71.5315	1	59
79	-32.9719	-71.5435	1	58
80	-33.0451	-71.5151	1	57
81	-33.0088	-71.5478	2	54
82	-32.9684	-71.5447	2	52
87	-33.0178	-71.5417	2	47
92	-33.0099	-71.5474	1	46
93	-32.9719	-71.5426	1	44
95	-33.0183	-71.5518	1	44
98	-32.9697	-71.5439	1	42
99	-33.0135	-71.5471	1	42
100	-33.0121	-71.5441	2	42
106	-33.0067	-71.5398	2	37
109	-33.0072	-71.5367	2	32
110	-33.0157	-71.5447	2	32
112	-33.0063	-71.5463	2	31
116	-32.9727	-71.5438	1	28
119	-33.0065	-71.5303	1	26
120	-33.0281	-71.543	2	25
121	-32.9975	-71.5464	3	25
122	-32.9975	-71.5464	2	24
123	-33.0079	-71.5367	1	24
126	-33.0312	-71.5315	1	23
127	-33.0051	-71.5368	1	23
128	-33.0278	-71.5387	1	22
129	-33.0103	-71.5466	1	22
130	-33.017	-71.5526	1	22
131	-32.9721	-71.5415	1	22
136	-33.0115	-71.5411	1	22
137	-33.0135	-71.5484	1	22
141	-32.9714	-71.538	1	21
142	-33.0061	-71.5278	1	21
143	-33.0109	-71.5478	1	20
144	-33.0151	-71.5514	2	20
/* Description of parking sites: [id] [coordenate x] [coordenate y] */
147	-33.0122	-71.5494
148	-33.0176	-71.5424
151	-33.0186	-71.5494
152	-33.0176	-71.5568
153	-33.0157	-71.5552
155	-33.0242	-71.5585
157	-33.013	-71.5417
158	-33.0073	-71.5382
159	-33.0085	-71.546
160	-33.0289	-71.5402
161	-33.0331	-71.5325
162	-33.0442	-71.5146
166	-32.9713	-71.5406
167	-32.991	-71.5468
168	-33.0535	-71.4955
172	-33.0029	-71.5382
173	-33.0108	-71.5449
174	-33.006	-71.5293
175	-32.9963	-71.5477
176	-32.9711	-71.5439
/* Matrix of clusters for parking sites [first of each row correspond to the cluster id]*/
0	0	-1
1	162	-1
2	168	-1
5	160	161	-1
7	155	-1
10	152	153	-1
11	151	-1
12	148	-1
13	157	173	-1
14	147	159	-1
15	158	-1
16	172	-1
17	174	-1
18	175	-1
19	167	-1
20	176	-1
21	166	-1
/* Matrix of clusters for customer locations [first of each row correspond to the cluster id]*/
0	0	-1
1	17	54	80	-1
2	40	-1
5	21	53	78	120	126	128	-1
7	3	12	14	15	18	19	30	41	42	46	-1
10	28	38	44	64	67	-1
11	27	45	50	62	95	130	144	-1
12	35	59	87	110	-1
13	37	43	72	100	136	-1
14	36	48	81	92	99	112	129	137	143	-1
15	9	23	58	106	109	123	127	-1
16	70	-1
17	119	142	-1
18	13	121	122	-1
19	16	60	-1
20	55	79	82	93	98	116	131	-1
21	29	73	141	-1
/* Matrix of service patterns [delivery patterns] x [service days] */
1	0	0	0	0	0	
0	0	1	0	0	0	
0	1	0	1	0	0	
1	0	1	0	0	0	
1	0	1	0	1	0	
0	1	0	1	0	1	
1	0	1	0	1	1	
0	1	0	1	1	1	
1	1	0	1	1	1	
0	1	1	1	1	1	
1	1	1	1	1	1	
/* Transportation matrix [km] ([all nodes] x [all nodes]) */
0 12 13 11 17 10 12 19 6 11 11 8 13 12 13 25 11 10 14 12 14 3 11 11 12 13 12 12 13 12 8 0 21 13 11 24 12 12 13 14 12 21 8 20 1 14 23 11 14 21 11 21 12 12 14 13 12 14 21 15 8 17 17 13 8 14 8 13 13 22 12 12 24 16 13 12 12 11 11 12 12 12 11 13 13 8 6 6 21 17 13 15 13 15 16 20 
11 0 8 2 8 2 1 10 8 3 2 6 8 5 4 16 2 5 6 7 5 14 2 2 7 4 4 2 6 4 6 11 12 8 5 14 4 3 4 9 6 12 6 11 10 6 14 6 7 12 4 12 5 6 8 8 6 8 12 10 3 8 8 8 6 9 5 6 4 12 7 5 15 10 6 4 5 6 4 3 3 1 6 8 6 4 5 8 12 8 19 10 7 10 7 11 
14 7 0 6 6 7 7 7 10 6 8 9 0 4 5 14 6 4 4 2 6 17 6 6 2 5 5 8 4 4 9 14 10 0 3 12 5 5 6 2 3 10 8 9 12 4 12 5 4 9 4 9 3 3 1 1 2 3 10 4 7 5 5 1 8 2 7 3 5 10 2 4 12 4 4 4 4 4 4 5 5 7 2 0 3 7 7 10 10 6 21 2 3 4 5 9 
12 2 8 0 9 1 2 10 9 4 2 6 8 4 5 17 1 5 6 6 6 15 1 0 7 5 4 3 5 3 6 12 13 7 5 15 4 4 4 9 6 13 7 12 10 6 15 5 6 12 3 12 5 6 8 8 6 8 13 9 3 8 8 8 7 9 4 5 5 13 6 4 16 10 6 4 4 5 4 4 4 2 6 8 6 4 6 9 12 9 20 9 6 9 8 12 
20 11 10 12 0 12 11 4 16 11 12 16 10 8 7 10 11 11 6 9 7 23 11 11 8 7 9 11 8 8 16 20 6 9 9 9 9 9 8 10 8 7 14 6 19 6 8 11 7 6 8 6 8 9 9 10 9 8 6 12 13 1 1 10 14 10 14 8 9 7 9 7 9 12 7 8 7 11 9 8 9 11 9 10 6 14 14 17 6 3 27 9 7 12 2 6 
12 2 8 1 9 0 2 11 9 4 3 6 8 4 5 17 1 5 6 7 6 15 1 1 7 6 4 3 6 4 6 12 13 8 5 16 4 4 5 9 6 13 7 12 10 6 15 6 6 12 3 13 5 6 9 8 6 8 13 10 3 8 8 8 7 9 5 6 5 14 7 5 16 10 6 5 5 6 4 4 4 2 6 8 6 4 6 9 13 9 20 10 7 10 8 12 
11 0 8 2 8 2 0 10 8 3 2 6 8 5 4 16 2 5 6 7 5 14 3 2 7 4 4 2 6 4 6 11 12 8 5 15 4 3 4 9 6 12 6 11 10 6 14 6 7 12 4 12 5 6 9 8 6 8 12 10 4 8 8 8 6 9 5 6 4 12 7 6 15 10 6 5 6 6 4 3 4 1 6 8 6 4 5 8 12 8 19 10 7 10 7 11 
20 11 10 12 5 11 11 0 16 11 11 15 11 7 7 10 11 10 6 8 7 23 11 11 8 7 9 11 7 8 16 20 5 10 9 8 9 9 8 12 8 6 14 5 18 6 7 11 6 5 8 5 8 9 11 10 9 8 5 12 13 6 6 10 14 11 13 7 9 6 8 7 8 13 7 8 6 11 8 8 9 11 8 10 6 13 13 16 5 1 27 11 7 12 6 5 
7 10 11 9 16 8 10 17 0 10 9 6 12 11 11 23 9 8 12 10 12 10 10 9 10 11 10 10 11 10 6 7 19 11 10 22 10 10 11 13 10 20 6 19 6 12 21 9 12 19 10 19 10 10 12 12 10 12 19 13 6 15 15 11 6 12 6 11 11 20 10 11 22 14 11 11 11 9 9 10 11 10 10 12 11 6 4 4 19 16 15 13 11 13 14 19 
12 1 9 3 8 2 1 9 9 0 1 7 9 5 3 16 3 6 6 8 5 15 3 3 8 4 4 2 6 5 6 12 12 9 6 14 4 4 3 10 7 12 7 11 11 6 13 6 6 11 5 11 6 7 9 9 7 8 12 10 4 7 7 9 7 10 6 6 4 12 8 6 14 11 7 5 6 6 5 4 4 1 7 9 6 5 6 9 11 8 20 11 7 10 7 11 
12 1 9 3 8 2 1 9 9 2 0 7 9 5 4 16 3 6 6 8 5 15 3 3 8 4 5 1 6 5 6 12 12 9 6 14 5 4 3 10 7 12 7 11 11 6 14 6 7 11 5 11 6 7 9 9 7 8 12 10 4 7 7 9 7 10 6 6 5 12 8 6 14 11 7 5 6 6 5 4 4 1 7 9 6 5 6 9 11 8 20 11 7 10 7 11 
7 7 9 6 13 6 7 15 4 7 7 0 9 8 9 21 7 6 10 8 10 10 7 7 8 9 8 7 9 8 1 7 17 9 7 20 8 8 9 10 8 17 4 16 5 10 19 7 10 17 7 17 8 8 10 9 8 10 17 11 4 13 13 9 4 10 4 9 9 18 8 8 20 11 9 8 8 7 7 8 8 7 7 9 9 4 2 4 17 13 15 11 9 11 12 16 
14 8 1 6 6 7 7 7 11 7 8 10 0 4 5 14 7 5 4 3 6 17 7 7 2 5 5 8 4 4 10 14 10 0 3 12 5 5 6 3 3 10 9 9 13 4 12 5 4 9 5 9 4 3 1 2 3 3 10 4 8 5 5 2 8 2 8 3 6 10 3 4 12 5 4 4 4 5 4 6 6 7 2 1 3 8 8 11 10 6 21 3 3 4 5 9 
13 5 4 5 6 4 5 7 9 4 5 8 5 0 2 13 4 3 3 3 2 16 4 4 4 2 2 5 2 1 8 13 9 4 2 12 2 2 3 6 3 9 7 8 11 3 11 4 3 9 1 9 2 3 5 5 3 5 9 6 6 5 5 4 7 6 6 2 2 10 3 1 12 7 3 0 1 4 1 2 1 4 3 5 3 6 6 9 9 5 20 6 4 6 4 8 
14 4 6 6 5 6 4 6 11 4 4 10 7 2 0 12 6 5 3 5 0 18 5 5 4 0 2 4 3 3 9 14 8 6 4 11 2 3 1 8 4 8 9 8 13 3 10 5 3 8 3 8 2 4 7 7 4 5 8 8 8 4 4 6 9 7 8 3 2 9 5 2 11 9 3 2 2 5 3 1 2 4 5 7 3 8 8 11 8 4 22 8 4 8 3 8 
26 17 17 18 11 18 17 13 23 18 18 22 17 14 13 0 17 17 12 15 14 29 17 17 14 14 15 17 14 15 22 26 6 17 15 15 15 15 14 18 14 4 21 5 25 13 7 17 13 6 15 6 14 15 17 17 15 15 5 18 20 12 12 17 21 18 20 14 15 5 15 14 5 18 13 14 13 17 15 15 15 17 15 17 13 20 20 23 5 12 34 18 14 18 12 6 
11 3 7 1 10 0 3 11 8 4 2 5 7 5 5 18 0 4 7 6 6 14 2 1 6 6 5 2 6 4 5 11 13 7 5 16 4 5 5 8 6 14 6 13 9 7 15 5 7 13 4 13 6 6 8 7 6 8 14 9 2 9 9 7 6 8 4 6 6 14 6 5 16 9 7 5 5 5 4 5 5 2 5 7 7 3 5 8 13 10 19 9 7 9 9 13 
11 5 4 4 8 5 5 9 7 4 6 6 4 3 5 15 4 0 5 3 5 14 4 4 3 5 3 6 4 3 7 11 11 4 2 14 3 3 4 5 3 12 5 10 10 5 13 1 5 11 3 11 3 3 4 4 2 4 11 6 5 7 7 4 5 5 4 4 4 12 3 4 14 6 4 4 4 0 2 4 4 5 2 4 4 4 4 8 11 8 18 6 3 6 6 11 
14 7 4 7 6 6 7 7 11 6 7 10 5 2 4 14 6 5 0 3 5 17 6 6 2 4 4 8 2 3 10 14 9 4 3 12 4 4 5 6 2 10 9 9 13 0 11 5 0 9 3 9 2 3 5 5 3 3 9 6 8 5 5 4 9 6 8 1 4 10 3 2 12 7 1 3 2 5 3 4 4 7 3 5 1 8 8 11 9 6 22 6 1 6 4 9 
13 7 3 6 6 6 6 7 10 6 7 9 4 3 5 13 6 4 4 0 5 16 6 6 1 5 4 8 3 3 9 13 9 3 2 12 4 4 6 5 2 10 8 8 12 4 11 4 3 9 4 9 3 2 4 4 2 2 9 5 7 5 5 3 8 4 7 2 5 10 0 3 12 6 2 3 3 4 3 5 5 6 2 4 2 7 7 10 9 6 21 5 1 5 4 8 
14 4 7 6 7 5 4 8 10 4 4 9 8 3 2 14 5 6 5 6 0 17 5 5 6 2 3 3 5 4 9 14 10 7 5 13 3 2 2 9 6 10 8 10 13 5 12 6 5 10 4 10 4 6 8 8 6 7 10 9 7 6 6 8 8 8 8 5 3 11 6 4 13 10 5 3 4 6 4 2 2 3 6 8 5 8 8 10 10 6 21 10 6 9 5 10 
3 15 16 14 20 13 15 22 9 14 14 10 16 15 16 28 14 13 17 15 17 0 14 14 15 16 15 14 16 15 11 3 24 16 14 27 15 15 16 17 15 24 11 23 4 17 26 14 17 24 14 24 15 15 17 16 15 17 24 18 11 20 20 16 11 17 11 16 16 25 15 16 27 19 16 16 16 14 14 15 15 15 14 16 16 11 9 9 24 20 16 18 16 18 19 23 
11 2 8 2 10 1 2 11 8 4 2 6 8 6 5 17 2 5 7 6 6 14 0 2 7 6 5 2 7 5 6 11 13 7 6 16 5 5 5 9 7 14 6 12 10 7 15 5 7 13 4 13 6 7 8 8 6 8 13 9 3 9 9 8 6 9 4 7 6 14 6 6 16 10 7 6 6 5 5 4 5 2 6 8 7 3 5 8 13 9 19 9 7 9 8 12 
12 2 8 2 9 2 2 10 8 3 2 6 8 5 4 16 2 5 7 7 5 15 0 0 7 5 5 3 6 5 6 12 12 8 6 15 4 4 4 9 7 13 6 12 10 7 14 6 7 12 5 12 5 7 9 8 6 9 12 10 3 8 8 8 6 9 5 6 5 13 7 6 15 10 7 5 6 6 4 4 4 2 6 8 6 4 6 9 12 9 19 10 7 10 8 12 
12 6 3 5 6 6 6 7 9 5 6 8 3 2 4 14 5 3 4 1 5 16 5 5 0 4 4 7 2 2 8 12 9 2 2 12 4 4 5 4 1 10 7 9 11 4 11 3 4 9 3 9 2 1 3 3 1 2 9 4 6 5 5 3 7 4 6 2 4 10 1 2 12 5 2 3 2 3 2 4 4 6 1 3 2 6 6 9 9 6 20 4 2 4 5 9 
15 5 7 7 6 6 4 8 12 5 5 10 7 2 1 14 6 5 4 5 2 18 6 6 6 0 3 4 5 3 10 15 10 6 4 12 3 3 2 8 5 10 10 9 14 4 12 6 5 10 3 10 4 5 7 7 5 7 10 8 8 6 6 7 9 8 8 4 3 10 6 4 13 9 5 2 4 6 4 2 2 4 5 7 5 8 8 12 10 6 22 8 6 8 5 9 
13 5 5 5 6 5 5 7 10 4 5 9 6 1 2 14 4 4 3 4 2 16 4 4 4 2 0 6 3 2 9 13 10 5 2 12 1 1 2 6 4 10 8 9 12 4 12 4 3 9 2 9 2 4 6 5 4 6 10 7 7 5 5 5 8 6 7 3 1 10 4 2 12 7 4 1 2 4 2 2 1 4 3 5 3 7 7 10 10 6 21 7 4 7 5 9 
12 0 8 2 9 2 0 10 8 3 1 6 8 5 4 16 3 5 7 7 5 14 3 3 7 5 4 0 6 5 6 12 12 8 6 15 4 4 4 9 7 12 6 12 10 7 14 6 7 12 4 12 5 6 9 8 7 8 12 10 4 8 8 8 6 9 5 6 4 13 7 6 15 10 6 5 6 6 4 3 4 0 6 8 6 4 5 8 12 8 19 10 7 10 7 12 
14 5 5 6 5 5 5 6 10 5 6 9 5 1 3 13 4 4 2 3 3 17 5 4 3 3 2 6 0 2 9 14 9 5 3 12 2 3 4 6 2 9 8 8 12 2 11 4 2 8 2 8 1 3 6 5 3 4 9 7 7 4 4 5 8 6 7 2 2 9 3 1 12 7 2 1 0 4 2 3 2 5 3 5 2 7 7 10 9 5 21 7 2 7 4 8 
12 4 4 4 7 4 4 8 8 4 5 7 5 2 3 15 4 2 4 3 4 15 4 3 4 3 2 5 2 0 7 12 11 4 2 13 2 2 3 6 3 11 6 10 10 4 12 3 3 10 1 10 1 3 5 5 3 5 11 6 5 6 6 4 6 6 5 2 2 11 3 2 14 7 3 2 2 3 0 2 2 4 3 5 2 5 5 8 10 7 19 6 3 6 6 10 
6 7 8 6 12 5 7 14 3 6 6 2 8 7 8 20 6 5 9 7 8 9 6 6 7 8 7 6 8 6 0 6 16 8 6 18 7 7 8 9 7 16 3 15 4 9 18 6 9 16 6 16 7 7 9 8 6 8 16 10 3 12 12 8 2 9 3 8 8 16 7 7 19 10 8 7 7 6 6 7 7 6 6 8 8 3 1 3 16 12 14 10 8 10 11 15 
0 12 13 11 17 10 12 19 6 11 11 8 13 12 13 25 11 10 14 12 14 3 11 11 12 13 12 12 13 12 8 0 21 13 11 24 12 12 13 14 12 21 8 20 1 14 23 11 14 20 11 21 12 12 14 13 12 14 21 15 8 16 16 13 8 14 8 12 13 22 12 12 24 16 13 12 12 11 11 12 12 12 11 13 13 8 6 6 21 17 12 15 13 15 16 20 
21 12 12 14 6 13 12 8 18 13 13 17 12 9 8 7 12 12 8 10 9 24 12 12 9 9 10 12 9 10 17 21 0 12 10 10 10 10 10 13 9 3 16 2 20 8 4 12 8 2 10 2 9 10 12 12 10 10 2 14 15 7 7 12 16 13 15 9 10 3 10 9 5 14 8 9 8 12 10 10 10 12 10 12 8 15 15 18 2 6 29 12 9 14 8 1 
14 7 1 6 6 7 7 7 10 6 7 9 1 4 5 13 6 4 4 2 5 17 6 6 2 5 5 8 4 4 9 14 9 0 2 12 5 5 6 3 3 10 8 9 12 4 11 4 4 9 4 9 3 2 1 2 2 2 9 4 7 5 5 1 8 2 7 3 5 10 2 4 12 4 3 4 3 4 3 5 5 7 1 1 3 7 7 10 9 6 21 2 2 4 4 9 
11 4 4 3 8 4 4 9 8 4 5 6 5 2 4 16 4 2 4 3 4 14 4 4 4 4 2 5 3 2 7 11 11 4 0 14 2 2 3 6 3 12 5 11 10 4 13 2 4 11 2 11 2 3 5 5 3 5 11 6 4 7 7 4 5 6 4 3 3 12 3 2 14 7 3 2 3 2 1 2 3 4 3 5 3 4 4 8 11 8 18 6 4 6 6 11 
21 12 11 13 4 12 12 1 17 12 12 16 11 8 8 10 12 11 7 9 8 24 12 11 8 8 10 11 8 9 16 21 6 11 10 0 10 10 9 12 8 6 15 5 19 7 8 12 7 6 9 6 8 9 12 11 10 9 6 13 14 5 5 11 15 12 14 8 10 7 9 8 9 13 8 8 7 12 9 9 9 12 9 11 7 14 14 17 6 2 28 11 8 13 6 6 
12 4 5 4 7 4 4 8 9 3 5 8 5 1 2 14 3 3 3 4 3 15 3 3 4 3 1 5 3 0 8 12 10 5 2 13 0 1 2 6 3 10 7 10 11 3 12 4 3 10 1 10 2 3 6 5 3 5 10 7 6 6 6 5 7 6 6 3 2 11 4 2 13 7 3 2 2 4 1 2 2 4 3 5 3 6 6 9 10 6 20 7 4 7 5 10 
13 4 6 5 6 5 4 7 10 4 5 9 6 1 1 14 4 4 4 5 2 16 4 4 5 2 1 5 4 2 9 13 9 6 3 12 1 0 2 7 4 10 8 9 12 4 11 5 4 9 2 9 3 4 7 6 4 6 9 8 6 5 5 6 8 7 7 4 1 10 5 3 12 8 4 1 3 5 2 2 1 4 4 6 4 7 7 10 9 6 21 8 5 8 5 9 
14 4 6 5 6 5 4 7 10 4 5 9 6 2 1 13 4 5 4 5 2 16 4 4 5 1 2 4 4 2 9 13 9 6 3 12 2 2 0 8 5 10 8 9 12 4 11 5 4 9 2 9 3 5 7 6 5 6 9 8 7 5 5 6 8 7 7 4 2 10 5 3 12 8 4 2 3 5 3 0 0 4 4 6 4 7 7 10 9 6 21 8 5 8 4 9 
15 8 2 7 8 8 8 9 11 7 9 10 2 5 7 16 7 5 6 4 7 18 8 8 4 7 6 9 5 5 10 15 11 2 4 14 6 6 7 0 4 12 9 11 14 6 13 6 6 11 5 11 4 4 2 1 4 5 11 2 8 7 7 2 9 1 8 5 6 12 4 5 14 2 5 5 5 6 5 6 6 8 3 2 5 8 8 12 11 8 22 1 4 2 7 11 
13 6 3 5 6 6 6 7 9 5 6 8 3 3 4 14 5 3 3 1 5 16 5 5 1 5 4 7 2 3 8 13 9 3 2 12 4 4 5 4 0 10 7 9 11 3 11 4 3 9 3 9 2 1 3 3 1 2 9 4 6 5 5 3 7 4 6 1 4 10 1 2 12 5 2 3 2 4 2 4 4 6 1 3 2 6 6 9 9 6 20 5 1 4 5 9 
22 14 13 15 8 14 14 9 19 14 14 18 13 10 10 4 14 13 9 11 10 26 14 13 10 10 12 13 10 11 18 22 3 13 12 12 12 12 11 14 10 0 17 2 21 9 4 14 9 2 11 2 10 11 14 13 12 11 3 15 16 8 8 13 17 14 16 10 12 3 11 10 4 15 10 10 9 14 11 11 11 14 11 13 9 16 16 19 2 8 30 14 10 15 9 2 
8 6 6 5 11 6 6 12 5 5 6 4 7 6 6 19 5 4 7 5 7 11 5 5 6 7 5 7 6 5 4 8 14 6 5 17 5 5 6 8 6 15 0 14 7 8 16 4 7 14 5 14 5 6 7 7 5 7 14 8 4 10 10 6 1 8 4 6 6 15 5 6 17 9 7 6 6 4 4 6 6 6 5 7 6 4 2 5 14 11 16 8 6 8 10 14 
22 13 12 14 7 14 13 9 19 13 14 18 13 10 9 5 13 13 8 11 10 25 13 13 10 9 11 13 10 10 18 22 2 12 11 11 11 11 10 14 10 4 17 0 21 8 2 13 9 0 10 2 10 11 13 13 11 11 1 14 16 8 8 12 16 14 16 10 11 1 11 10 4 15 9 10 9 13 11 11 11 13 11 13 8 16 16 19 0 7 30 13 10 14 8 1 
1 10 12 9 16 9 10 17 4 10 10 6 12 11 11 24 10 9 12 10 12 4 10 10 11 12 10 10 11 10 6 1 20 12 10 22 10 10 11 13 11 20 6 19 0 12 21 9 12 19 10 19 10 11 12 12 10 12 20 13 7 15 15 12 6 13 6 11 11 20 10 11 22 14 12 11 11 9 9 11 11 10 10 12 12 7 4 4 19 16 11 14 11 13 15 19 
14 7 4 6 6 6 7 7 11 6 7 10 5 2 4 13 6 5 2 3 5 17 6 6 2 4 4 8 2 3 10 14 9 4 3 12 4 4 5 6 2 10 9 9 13 0 11 5 0 9 3 9 2 3 5 5 3 3 9 6 8 5 5 4 9 6 8 1 4 10 3 2 12 7 1 3 2 5 3 4 4 7 3 5 1 8 8 11 9 6 22 6 1 6 4 9 
23 14 13 15 8 14 14 9 19 14 14 18 13 10 10 7 14 13 9 11 10 26 14 13 10 10 12 13 10 11 18 23 1 13 12 12 11 12 11 14 10 4 17 4 21 9 0 13 9 3 11 1 10 11 13 13 11 11 3 15 16 8 8 13 17 14 16 10 12 3 11 10 5 15 10 10 9 13 11 11 11 13 11 13 9 16 16 19 3 8 30 14 10 15 9 2 
12 6 4 5 7 6 6 9 9 5 6 8 4 3 5 15 5 1 5 2 5 15 5 5 2 5 4 7 4 3 8 12 11 3 2 14 4 4 5 5 3 11 6 10 11 5 13 0 5 10 3 11 3 2 4 4 2 4 11 5 6 6 6 4 7 4 6 4 4 12 2 3 14 6 4 3 4 0 2 4 4 6 2 4 4 6 6 9 11 7 20 5 3 5 6 10 
14 6 4 6 5 6 6 6 11 6 7 10 5 2 4 13 6 5 2 3 4 17 6 5 3 4 3 8 1 3 10 14 9 4 3 11 3 4 5 6 2 9 9 8 13 2 11 5 0 8 3 8 2 3 5 5 3 4 9 6 8 4 4 4 8 6 8 1 4 9 3 1 12 7 0 2 1 5 3 4 3 6 3 5 2 8 8 11 9 5 22 6 2 6 4 8 
22 13 12 14 7 13 13 8 18 13 13 18 13 10 9 5 13 12 8 10 9 25 13 13 10 9 11 13 9 10 18 22 2 12 11 11 11 11 10 14 10 4 16 1 20 8 3 13 8 0 10 1 10 11 13 12 11 10 0 14 15 8 8 12 16 13 15 9 11 1 11 9 3 15 9 10 8 13 10 10 11 13 10 13 8 15 16 18 1 7 29 13 9 14 8 1 
13 4 5 5 6 4 4 8 9 3 4 8 6 1 2 14 4 4 4 4 3 16 4 3 4 2 1 5 3 1 8 13 10 5 3 13 1 1 2 7 4 10 7 9 11 4 12 4 4 10 0 10 3 4 6 6 4 6 10 7 6 6 6 5 7 6 6 3 2 11 4 2 13 8 4 2 2 4 1 1 1 4 4 6 4 6 6 9 10 6 20 7 4 7 5 10 
22 12 12 14 6 13 12 8 18 13 13 17 12 9 8 7 12 12 8 10 9 25 13 12 9 9 10 12 9 10 17 22 0 12 10 11 10 10 10 13 9 3 16 2 20 8 4 12 8 2 10 0 9 10 12 12 10 10 2 14 15 7 7 12 16 13 15 9 10 3 10 9 5 14 8 9 8 12 10 10 10 12 10 12 8 15 15 18 2 7 29 13 9 14 8 1 
14 6 4 6 6 6 6 7 10 5 7 9 4 2 4 14 5 4 2 2 4 17 6 5 2 4 3 7 1 2 9 14 10 4 3 12 3 3 4 5 1 10 8 9 12 2 12 5 2 9 3 9 0 2 5 4 2 3 10 6 7 5 5 4 8 5 7 1 3 10 2 1 12 6 1 2 1 5 2 4 3 6 2 4 1 7 7 10 10 6 21 6 2 6 5 9 
13 6 3 5 6 6 6 7 9 5 7 8 3 3 4 14 5 3 3 1 5 16 5 5 1 5 4 7 2 3 8 13 9 3 2 12 4 4 5 4 0 10 7 9 11 3 11 4 3 9 3 9 2 0 4 3 1 2 9 5 6 5 5 3 7 4 6 1 4 10 1 2 12 5 2 3 2 4 3 4 4 6 1 3 2 6 6 9 9 6 20 5 1 5 5 9 
14 8 1 7 6 8 8 8 11 7 8 10 1 4 6 14 7 5 4 3 6 18 7 7 2 6 6 9 4 4 10 14 10 1 4 13 6 6 7 2 4 10 9 9 13 4 12 5 4 10 5 10 4 3 0 1 3 3 10 4 8 6 6 1 9 2 8 4 6 11 3 5 13 4 4 5 4 5 4 6 6 8 2 0 4 8 8 11 10 6 22 2 3 4 5 10 
14 7 1 6 7 7 7 8 11 7 8 10 1 4 6 15 7 5 5 3 6 17 7 7 3 6 5 8 4 4 10 14 11 1 3 13 5 5 6 2 3 11 9 10 13 5 12 5 5 10 5 10 4 3 1 0 3 4 11 2 8 6 6 0 8 1 8 4 6 11 3 4 13 3 4 4 4 5 4 6 6 7 2 0 4 8 8 11 10 7 21 2 4 2 6 10 
12 5 5 4 7 4 5 8 8 4 5 7 5 2 3 15 4 2 3 3 4 14 4 4 4 3 3 6 2 2 7 11 10 5 0 13 2 3 4 6 2 11 6 10 10 3 12 2 3 10 2 10 1 2 5 5 0 4 10 6 5 6 6 5 6 6 5 2 3 11 4 2 13 7 2 2 2 2 1 3 3 5 3 5 2 5 5 8 10 7 19 7 3 6 6 10 
16 8 7 8 4 8 8 5 13 7 9 12 7 4 4 12 7 7 3 5 5 19 7 7 4 4 5 8 4 4 12 16 7 7 5 10 5 5 5 8 4 8 11 7 15 3 9 7 3 7 4 7 4 5 8 7 5 0 7 9 10 3 3 7 10 8 10 4 5 8 5 4 10 9 3 4 3 7 5 6 5 8 5 7 3 10 10 13 7 4 24 8 4 9 3 7 
22 12 12 14 6 13 12 8 18 13 13 17 12 9 8 6 12 12 8 10 9 24 13 12 9 9 10 12 9 10 17 22 1 12 10 10 10 10 10 13 9 3 16 1 20 8 3 12 8 1 10 1 9 10 12 12 10 10 0 14 15 7 7 12 16 13 15 9 10 2 10 9 4 14 8 9 8 12 10 10 10 12 10 12 8 15 15 18 1 7 29 13 9 14 8 1 
14 9 3 8 9 9 9 11 12 8 10 11 3 6 8 17 8 6 7 5 8 17 8 8 5 8 7 10 6 6 12 14 13 4 5 16 7 7 8 2 5 13 10 12 15 7 15 7 7 12 6 13 6 5 4 3 4 6 13 0 9 8 8 2 10 2 9 6 8 14 5 6 16 1 6 6 6 6 6 7 7 9 4 3 6 9 9 12 13 9 23 2 5 1 8 12 
9 4 6 3 10 2 4 12 6 5 3 3 7 6 6 18 3 4 8 5 7 12 4 3 5 7 5 4 6 5 3 9 14 6 5 16 5 5 6 8 6 14 4 13 7 8 16 4 8 13 5 14 5 5 7 7 5 7 14 8 0 9 9 6 4 7 2 6 6 14 5 6 17 9 7 6 6 4 4 6 6 4 5 7 6 1 3 6 14 10 17 8 6 8 9 13 
20 10 10 12 2 11 10 3 16 11 11 15 10 7 6 10 10 10 6 8 7 23 11 10 7 7 8 10 7 8 15 20 6 10 9 8 8 8 8 10 7 6 14 5 18 6 7 10 6 5 8 5 7 8 10 10 8 8 6 12 13 0 0 10 14 10 13 7 8 6 8 7 8 12 7 7 6 10 8 8 8 10 8 10 6 13 13 16 5 2 27 10 7 12 1 5 
20 10 10 12 2 11 10 3 16 11 11 15 10 7 6 10 10 10 6 8 7 23 11 10 7 7 8 10 7 8 15 20 6 10 9 8 8 8 8 10 7 6 14 5 18 6 7 10 6 5 8 5 7 8 10 10 8 8 6 12 13 0 0 10 14 10 13 7 8 6 8 7 8 12 7 7 6 10 8 8 8 10 8 10 6 13 13 16 5 2 27 10 7 12 1 5 
14 7 1 6 7 7 7 8 10 6 7 9 1 4 5 15 6 4 5 2 6 17 6 6 2 6 5 8 4 4 9 14 11 1 3 13 5 5 6 2 3 11 8 10 12 5 12 4 5 10 4 10 3 2 1 0 2 4 11 2 7 6 6 0 8 1 7 4 5 11 2 4 13 3 4 4 4 4 4 5 5 7 1 0 4 7 7 10 10 7 21 2 3 2 6 10 
8 6 6 4 11 5 6 12 4 5 6 3 7 6 6 18 5 3 7 5 7 11 5 5 5 6 5 6 6 5 3 8 14 6 4 17 5 5 6 8 6 15 1 14 6 7 16 4 7 14 5 14 5 5 7 7 5 7 14 8 4 10 10 6 0 7 3 6 6 15 5 6 17 9 6 6 6 4 4 5 6 5 5 7 6 3 1 4 14 11 15 8 6 8 10 14 
15 8 2 7 8 8 8 9 11 7 8 10 2 5 6 16 7 5 6 3 7 18 7 7 4 7 6 9 5 5 10 15 12 2 4 14 6 6 7 1 4 12 9 11 13 6 13 6 6 11 5 11 4 4 2 1 3 5 12 2 8 7 7 1 9 0 8 5 6 12 3 5 14 3 5 5 5 5 4 6 6 8 2 1 5 8 8 11 11 8 22 1 4 2 7 11 
9 5 7 4 11 4 5 12 6 6 4 3 7 7 7 19 4 4 8 6 8 12 4 4 6 8 6 5 7 6 3 9 14 7 5 17 6 6 7 8 6 15 4 14 7 8 16 5 8 14 6 14 6 6 8 7 6 8 15 9 2 10 10 7 3 8 0 7 7 15 6 7 17 9 7 7 7 5 5 6 7 5 5 7 7 2 3 6 14 11 16 9 7 9 10 14 
14 7 4 6 6 7 7 7 10 6 8 10 4 3 5 14 6 4 3 2 5 17 6 6 2 5 5 8 2 3 10 14 9 4 3 12 5 5 6 6 1 10 8 9 12 3 11 5 3 9 4 9 2 2 5 4 2 2 9 6 7 5 5 4 8 5 7 0 5 10 2 2 12 6 2 3 2 5 4 5 5 7 2 4 0 7 7 10 9 6 21 5 1 6 4 9 
13 5 6 5 7 5 5 8 10 4 5 9 6 1 2 15 4 4 4 4 3 16 4 4 5 3 1 6 3 1 9 13 10 6 3 13 1 2 3 7 4 11 8 10 12 4 12 4 4 10 1 10 3 4 6 6 4 6 10 7 6 6 6 6 7 7 7 4 0 11 4 2 13 8 4 2 2 4 2 2 2 5 4 6 4 7 7 10 10 7 20 8 5 7 6 10 
23 14 13 15 8 14 14 9 19 14 14 18 14 10 10 5 14 13 9 11 10 26 14 14 11 10 12 14 10 11 18 23 2 13 12 12 12 12 11 14 11 4 17 2 22 9 2 14 10 2 11 2 11 12 14 14 12 11 1 15 16 8 8 13 17 14 16 10 12 0 12 10 3 16 10 10 10 14 11 11 12 14 12 14 9 16 16 19 0 8 30 14 10 15 9 2 
13 6 3 6 6 6 6 7 10 6 7 9 4 3 4 13 6 4 3 2 5 16 6 6 1 5 4 8 3 3 9 13 9 3 2 12 4 4 6 5 2 9 8 8 12 3 11 4 3 9 4 9 3 2 4 4 2 2 9 5 7 5 5 3 8 4 7 2 5 10 0 3 12 6 2 3 3 4 3 5 5 6 2 4 2 7 7 10 9 5 20 5 1 5 4 8 
13 6 4 5 6 5 5 8 10 5 6 8 5 1 3 14 5 4 3 3 3 16 5 4 3 3 3 7 1 1 9 13 10 4 2 12 2 3 4 6 2 10 8 9 12 3 12 4 3 9 2 10 0 2 5 5 2 4 10 6 6 5 5 4 7 6 6 1 3 10 3 0 13 7 2 1 1 4 2 3 3 5 3 5 2 6 6 10 10 6 20 6 2 6 5 9 
23 14 14 16 8 15 14 10 20 15 15 19 14 11 10 5 14 14 10 12 11 26 14 14 11 10 12 14 11 12 19 23 3 14 12 12 12 12 11 15 11 3 18 2 22 10 4 14 10 3 12 3 11 12 14 14 12 12 2 16 17 9 9 14 18 15 17 11 12 2 12 11 0 16 10 11 10 14 12 12 12 14 12 14 10 17 17 20 2 8 31 14 11 16 10 2 
14 9 3 8 9 9 9 11 12 8 10 11 3 6 8 17 8 6 7 5 8 17 8 8 5 8 7 10 6 6 12 14 13 4 5 16 7 7 8 2 5 13 10 12 14 7 15 7 7 12 6 13 6 5 4 3 4 6 13 2 9 8 8 2 10 2 9 6 7 14 5 6 16 0 6 6 6 6 6 7 7 9 4 3 6 9 9 12 13 9 23 2 5 1 8 12 
14 6 4 6 6 6 6 7 10 5 7 9 4 2 4 14 5 4 2 2 4 17 5 5 2 4 3 7 1 2 10 14 10 4 3 12 3 3 4 5 1 10 8 9 12 2 11 5 2 9 3 9 1 2 5 4 2 3 10 6 7 5 5 4 8 5 7 1 3 10 2 1 12 6 0 2 1 5 3 4 3 6 2 4 1 7 7 10 9 6 21 6 2 6 5 9 
13 5 5 5 5 4 5 7 9 4 5 8 5 0 2 13 4 3 3 3 2 16 4 4 4 2 2 5 3 1 8 13 9 4 2 12 2 2 3 6 3 9 7 8 11 3 11 4 3 8 1 9 2 3 5 5 3 5 9 6 6 4 4 5 7 6 6 2 2 10 4 2 12 7 3 0 2 4 2 2 1 5 3 5 3 6 6 9 9 5 20 6 4 6 4 8 
13 5 5 6 5 5 5 6 10 4 6 9 6 1 2 13 4 4 2 3 3 16 4 4 4 3 2 6 2 2 9 13 9 5 2 11 2 2 3 6 2 9 8 8 12 2 10 4 2 8 2 8 1 2 6 5 2 4 9 7 7 4 4 5 8 6 7 2 2 9 3 1 12 8 2 1 0 4 2 3 2 5 3 5 2 7 7 10 8 5 21 7 3 7 4 8 
12 5 3 4 7 5 5 8 8 4 6 7 3 3 4 15 4 0 4 2 5 14 5 4 2 4 3 6 3 2 7 12 10 3 1 13 3 3 4 4 2 11 6 10 10 4 12 1 4 10 2 10 2 2 4 3 1 4 10 5 5 6 6 3 6 4 5 3 4 11 2 3 13 5 3 3 3 0 2 4 4 5 1 3 3 5 5 8 10 7 19 5 3 5 6 10 
11 4 5 4 7 4 4 8 8 3 5 7 5 2 3 15 3 3 3 4 3 14 3 3 4 3 1 5 3 1 7 11 10 5 2 13 1 1 2 6 4 11 6 10 10 3 12 4 3 10 1 10 2 3 6 5 4 5 10 7 5 6 6 5 6 6 5 3 2 11 4 2 13 7 3 2 2 4 0 2 2 4 3 5 3 5 5 8 10 7 19 7 4 7 6 10 
13 4 7 5 6 4 4 7 10 3 4 9 7 2 1 13 4 5 4 6 2 16 4 4 5 2 2 4 4 2 9 13 9 7 4 12 2 1 1 8 5 9 8 8 12 4 11 5 4 9 2 9 3 5 7 7 5 6 9 8 6 5 5 7 7 8 7 4 2 10 6 3 12 9 4 2 3 5 3 0 1 4 5 7 4 7 7 10 9 5 20 9 5 8 4 8 
14 5 6 6 5 5 5 6 10 4 5 9 6 1 0 13 5 4 3 4 1 17 5 5 5 1 2 4 3 2 9 14 9 6 3 11 2 2 2 7 4 9 8 8 12 3 10 5 4 8 2 8 3 4 6 6 4 5 9 7 7 4 4 6 8 7 7 4 2 9 4 2 11 8 4 1 2 5 2 2 0 5 4 6 3 7 7 10 8 5 21 8 4 7 4 8 
11 0 8 2 8 2 0 10 8 3 1 6 8 5 4 16 2 5 7 7 5 14 3 2 7 5 4 1 6 5 6 11 12 8 5 15 4 3 4 9 6 12 6 11 10 7 14 6 7 12 4 12 5 6 9 8 6 8 12 10 4 8 8 8 6 9 5 6 4 13 7 6 15 10 6 5 6 6 4 3 4 0 6 8 6 4 5 8 12 8 19 10 7 10 7 11 
12 6 2 4 6 5 5 7 9 5 6 8 2 2 4 14 5 3 4 1 4 15 5 5 1 4 3 6 2 2 8 12 9 2 1 12 3 3 4 3 1 10 7 9 11 4 11 3 4 9 3 9 2 1 2 2 1 3 10 4 6 5 5 2 6 3 6 2 4 10 1 2 12 4 2 2 2 3 2 4 4 5 0 2 2 6 6 9 9 6 20 4 2 4 5 9 
14 7 0 6 7 7 7 8 10 6 8 10 0 4 6 14 6 4 4 3 6 17 7 7 3 6 5 8 4 4 10 14 10 1 3 13 5 5 6 2 3 10 8 10 13 4 12 5 4 10 4 10 4 3 0 1 3 3 10 3 8 6 6 0 8 1 8 4 6 11 3 4 13 4 4 4 4 5 4 6 6 7 2 0 4 8 8 11 10 6 21 2 3 3 5 10 
14 7 4 6 5 7 7 7 10 6 8 10 4 3 4 13 6 4 3 2 5 17 6 6 1 5 5 8 2 3 10 14 9 4 3 12 5 5 6 5 1 9 8 8 12 3 11 5 3 8 4 9 2 2 4 4 2 2 9 6 7 4 4 4 8 5 7 1 5 10 2 2 12 6 2 3 2 5 4 5 5 7 2 4 0 7 7 10 9 5 21 5 1 6 4 8 
8 5 8 4 12 3 5 13 5 6 4 3 8 7 8 20 4 5 9 6 8 11 4 4 7 8 6 5 7 6 2 8 16 7 6 18 6 6 7 9 7 16 4 15 7 9 18 5 9 15 6 15 7 7 8 8 6 8 16 9 1 11 11 8 4 9 1 7 7 16 6 7 18 10 8 7 7 5 6 7 7 5 6 8 8 0 3 5 15 12 16 9 7 9 11 15 
6 6 7 5 12 5 6 13 4 6 6 2 8 6 7 19 6 4 8 6 8 10 6 6 6 7 6 6 7 6 2 6 15 7 5 18 6 6 7 8 6 16 2 14 5 8 17 5 8 15 6 15 6 6 8 7 6 8 15 9 3 11 11 7 2 8 2 7 7 16 6 7 18 10 7 7 7 5 5 6 6 6 6 7 7 3 0 4 15 11 14 9 7 9 10 14 
4 11 12 10 17 10 11 18 6 11 10 7 13 12 12 23 10 10 14 11 13 8 11 10 12 13 11 11 12 11 7 4 20 12 11 23 11 11 12 14 12 21 7 20 5 14 22 10 13 20 11 20 11 12 13 13 11 13 20 14 8 16 16 13 7 14 7 12 12 21 12 12 23 14 13 12 12 10 10 12 12 11 11 13 12 8 5 0 20 17 11 14 12 14 16 20 
23 14 13 15 8 14 14 9 19 14 14 18 13 10 10 5 14 13 9 11 10 26 14 13 10 10 11 13 10 11 18 22 2 13 12 12 11 12 11 14 10 3 17 2 21 9 2 13 9 2 11 2 10 11 13 13 11 11 1 15 16 8 8 13 17 14 16 10 12 1 11 10 3 15 10 10 9 13 11 11 11 13 11 13 9 16 16 19 0 8 30 14 10 15 9 2 
19 10 9 11 4 10 10 1 15 10 10 14 10 6 6 8 10 9 5 7 6 22 10 10 7 6 8 10 6 7 14 19 4 9 8 7 8 8 7 10 7 4 13 4 17 5 6 10 5 4 7 4 6 8 10 9 8 7 4 11 12 4 4 9 13 10 12 6 8 5 7 6 7 11 6 6 5 10 7 7 8 10 7 9 5 12 12 15 4 0 26 10 6 11 5 4 
7 10 11 8 15 8 9 16 4 9 9 5 11 10 11 23 9 8 12 10 11 10 9 9 10 11 10 9 10 9 5 7 19 11 9 21 10 9 10 12 10 19 6 18 6 12 21 9 12 18 9 18 10 10 12 11 9 11 19 13 6 14 14 11 5 12 6 10 10 19 10 10 22 13 11 10 10 8 8 10 10 9 9 11 11 6 4 4 18 15 0 13 10 13 14 18 
16 9 2 8 7 9 9 8 12 8 9 11 2 6 6 15 8 6 5 4 7 19 8 8 4 6 7 10 6 6 11 16 11 2 4 13 7 7 7 1 5 11 10 10 14 5 13 6 5 10 6 10 5 4 2 2 4 5 11 2 9 6 6 2 10 1 9 5 7 11 4 6 14 3 5 6 5 6 5 7 7 9 3 2 4 9 9 12 11 7 23 0 5 2 6 10 
13 7 4 6 6 6 7 7 10 6 7 9 4 3 4 14 6 4 2 2 5 16 6 6 2 4 4 8 2 3 9 13 10 4 2 12 4 4 5 5 1 10 8 9 12 2 11 4 2 9 3 9 2 2 4 4 2 3 10 5 7 5 5 4 8 5 7 0 4 10 2 2 12 6 1 3 2 4 3 4 4 6 2 4 1 7 7 10 9 6 21 6 0 5 5 9 
13 9 3 8 9 9 9 10 12 8 10 11 3 6 7 16 8 6 7 4 8 16 8 8 5 8 7 10 6 6 11 13 13 3 5 15 7 7 8 2 5 13 10 12 14 7 14 6 7 12 6 12 5 5 3 2 4 6 13 1 9 8 8 2 10 2 9 6 7 13 4 6 16 0 6 6 6 6 6 7 7 9 4 3 6 9 9 12 12 9 23 2 5 0 8 12 
19 10 9 11 1 10 10 2 15 10 10 14 9 6 6 9 10 9 5 7 6 22 10 9 6 6 8 10 6 7 14 19 5 9 8 7 8 8 7 10 6 5 13 4 17 5 7 10 5 4 7 4 6 7 10 9 8 7 5 11 12 2 2 9 13 10 12 6 8 5 7 6 8 11 6 6 5 10 7 7 7 10 7 9 5 12 12 15 5 1 26 10 6 11 0 4 
22 13 12 14 7 13 13 8 18 13 13 17 13 9 9 6 13 12 8 10 9 25 13 13 10 9 11 13 9 10 18 22 1 12 11 11 11 11 10 14 10 4 16 2 20 8 3 13 8 1 10 0 10 11 13 12 11 10 1 14 15 8 8 12 16 13 15 9 11 2 10 9 4 15 9 10 8 13 10 10 11 13 10 12 8 15 15 18 1 7 29 13 9 14 8 0 
/* Distance matrix [km] ([all nodes] x [all nodes]) */
0 6.083 6.8 5.336 9.472 5.154 6.047 9.957 3.676 6.006 5.681 3.42 6.813 6.295 6.889 13.843 5.465 5.143 7.154 6.178 6.876 1.487 5.543 5.416 6.311 6.675 6.175 5.94 6.506 6.071 3.365 0.016 12.367 6.754 5.769 11.677 6.176 6.248 6.71 7.447 6.261 12.594 3.492 12.062 0.739 7.176 13.236 5.59 7.06 12.173 5.968 12.278 6.202 6.236 6.969 6.917 6.135 7.119 12.374 7.761 4.129 9.128 9.128 6.819 3.361 7.254 3.932 6.562 6.48 12.422 6.219 6.454 13.047 10.89 6.708 6.327 6.548 5.351 5.722 6.445 6.56 6 5.999 6.935 6.767 4.113 2.952 3.799 12.337 9.724 13.341 7.733 6.464 7.832 9.13 12.107 
5.58 0 3.51 0.792 3.945 0.61 0.479 4.43 5.037 1.037 0.67 2.753 3.523 1.517 1.362 8.316 0.921 2.091 2.643 2.888 1.349 7.068 0.833 0.979 3.021 1.301 1.354 0.929 2.481 1.513 2.698 5.563 6.84 3.464 2.385 6.15 1.355 0.965 1.183 4.157 2.642 7.067 3.02 6.535 4.84 2.665 7.709 2.3 2.78 6.646 1.398 6.751 2.177 2.617 3.679 3.627 2.717 3.533 6.847 4.471 1.496 3.601 3.601 3.529 3.272 3.964 1.922 2.537 1.197 6.895 2.929 1.978 7.52 4.609 2.683 1.485 1.99 2.26 1.697 0.918 1.033 0.432 2.709 3.645 2.742 1.723 3.252 5.16 6.81 4.197 17.646 4.443 2.928 4.542 3.603 6.58 
7.038 3.346 0 2.557 2.929 2.82 3.31 3.414 5.898 2.982 3.471 4.64 0.013 1.774 2.304 7.3 2.686 1.941 1.533 1.042 2.621 8.526 2.761 2.637 0.819 2.42 2.27 3.751 1.429 1.745 4.585 7.021 5.824 0.162 1.417 5.134 2.271 2.343 2.572 0.746 1.125 6.051 3.881 5.519 6.298 1.555 6.693 1.749 1.439 5.63 2.053 5.735 1.487 1.1 0.203 0.374 1.145 1.191 5.831 1.34 3.078 2.585 2.585 0.343 4.133 0.495 3.352 1.14 2.153 5.879 1.083 1.458 6.504 1.478 1.286 1.806 1.6 1.719 1.819 2.529 2.258 3.263 0.731 0.191 1.083 3.428 4.113 6.021 5.794 3.181 18.507 0.679 0.972 1.411 2.587 5.564 
5.63 0.861 2.782 0 4.291 0.336 0.825 4.776 4.744 1.383 0.984 2.803 2.795 1.082 1.708 8.662 0.202 1.328 1.901 2.16 1.695 7.118 0.28 0.081 2.293 1.647 0.92 1.243 1.721 0.818 2.748 5.613 7.186 2.736 1.622 6.496 0.921 0.993 1.529 3.429 1.877 7.413 3.366 6.881 4.89 1.923 8.055 1.537 1.807 6.992 0.703 7.097 1.412 1.852 2.951 2.899 1.952 2.865 7.193 3.743 1.222 3.947 3.947 2.801 3.618 3.236 1.648 1.772 1.225 7.241 2.201 1.283 7.866 3.881 1.8 1.073 1.295 1.497 0.933 1.179 1.379 0.778 1.981 2.917 1.981 1.449 3.598 4.867 7.156 4.543 17.353 3.715 2.163 3.814 3.949 6.926 
8.895 4.107 2.448 4.117 0 3.935 4.071 1.079 7.755 4.118 4.232 6.497 2.461 2.791 2.608 4.965 3.801 3.92 2.063 3.063 2.925 10.383 3.879 3.68 2.778 2.724 3.364 3.964 2.562 3.057 6.442 8.878 3.489 2.274 3.396 2.799 3.365 3.437 2.876 2.61 2.733 3.716 5.738 3.184 8.155 2.085 4.358 3.957 2.2 3.295 3.147 3.4 2.72 3.181 2.244 2.476 3.287 3.027 3.496 3.271 4.821 0.212 0.212 3.758 5.99 2.38 5.209 2.627 3.207 3.544 3.104 2.59 4.169 3.409 2.312 2.823 2.347 3.917 3.172 2.992 3.11 4.024 3.095 2.413 2.143 5.285 5.97 7.878 3.459 0.846 20.364 2.324 2.56 3.342 0.252 3.229 
5.738 0.969 2.962 0.181 4.399 0 0.933 4.884 4.852 1.491 1.092 2.911 2.975 1.262 1.816 8.77 0.31 1.508 2.081 2.34 1.803 7.226 0.388 0.261 2.473 1.755 1.1 1.351 1.901 0.998 2.856 5.721 7.294 2.916 1.802 6.604 1.101 1.173 1.637 3.609 2.057 7.521 2.875 6.989 4.998 2.103 8.163 1.717 1.987 7.1 0.883 7.205 1.592 2.032 3.131 3.079 2.132 3.045 7.301 3.923 1.33 4.055 4.055 2.981 3.127 3.416 1.756 1.952 1.405 7.349 2.381 1.463 7.974 4.061 1.98 1.253 1.475 1.677 1.113 1.372 1.487 0.886 2.161 3.097 2.161 1.557 3.107 4.975 7.264 4.651 17.461 3.895 2.343 3.994 4.057 7.034 
5.616 0.035 3.546 0.828 3.981 0.646 0 4.466 5.073 1.073 0.706 2.789 3.559 1.553 1.398 8.352 0.957 2.127 2.679 2.924 1.385 7.104 0.869 1.015 3.057 1.337 1.39 0.965 2.517 1.549 2.734 5.599 6.876 3.5 2.421 6.186 1.391 1.001 1.219 4.193 2.678 7.103 3.056 6.571 4.876 2.701 7.745 2.336 2.816 6.682 1.434 6.787 2.213 2.653 3.715 3.663 2.753 3.569 6.883 4.507 1.532 3.637 3.637 3.565 3.308 4 1.958 2.573 1.233 6.931 2.965 2.014 7.556 4.645 2.719 1.521 2.026 2.296 1.733 0.954 1.069 0.468 2.745 3.681 2.778 1.759 3.288 5.196 6.846 4.233 17.682 4.479 2.964 4.578 3.639 6.616 
9.335 4.547 4.179 4.557 0.904 4.375 4.511 0 8.195 4.558 4.672 6.937 4.192 3.231 3.048 4.398 4.241 4.36 2.503 3.503 3.365 10.823 4.319 4.12 3.218 3.164 3.804 4.404 3.002 3.497 6.882 9.318 2.922 4.133 3.836 2.232 3.805 3.877 3.316 4.826 3.173 3.149 6.178 2.617 8.595 2.525 3.791 4.397 2.64 2.728 3.587 2.833 3.16 3.621 4.344 4.296 3.727 3.467 2.929 5.14 5.261 1.033 1.033 4.198 6.43 4.633 5.649 3.067 3.647 2.977 3.544 3.03 3.602 5.278 2.752 3.263 2.787 4.357 3.612 3.432 3.55 4.464 3.535 4.314 2.583 5.725 6.41 8.318 2.892 0.232 20.804 4.646 3 5.211 2.862 2.662 
3.869 5.173 5.89 4.426 8.562 4.244 5.137 9.047 0 5.096 4.771 2.51 5.903 5.385 5.979 12.933 4.555 4.233 6.244 5.268 5.966 5.357 4.633 4.506 5.401 5.765 5.265 5.03 5.596 5.161 2.455 3.852 11.457 5.844 4.859 10.767 5.266 5.338 5.8 6.537 5.351 11.684 2.582 11.152 3.129 6.266 12.326 4.68 6.15 11.263 5.058 11.368 5.292 5.326 6.059 6.007 5.225 6.209 11.464 6.851 3.219 8.218 8.218 5.909 2.451 6.344 3.022 5.652 5.57 11.512 5.309 5.544 12.137 6.989 5.798 5.417 5.638 4.441 4.812 5.535 5.65 5.09 5.089 6.025 5.857 3.203 2.042 2.889 11.427 8.814 15.375 6.823 5.554 6.922 8.22 11.197 
5.945 0.363 3.916 1.156 3.865 0.974 0.327 4.35 5.443 0 0.488 3.118 3.929 1.819 1.282 8.236 1.285 2.497 2.563 3.294 1.653 7.433 1.239 1.385 3.278 1.221 1.705 0.768 2.462 1.864 3.063 5.928 6.76 3.87 2.791 6.07 1.706 1.316 1.103 4.563 2.62 6.987 3.426 6.455 5.205 2.585 7.629 2.706 2.7 6.566 1.749 6.671 2.583 3.023 4.085 4.033 3.123 3.527 6.767 4.877 1.86 3.521 3.521 3.935 3.678 4.37 2.897 2.515 1.548 6.815 3.335 2.091 7.44 5.015 2.541 1.787 2.247 2.666 2.103 1.219 1.337 0.28 3.115 4.051 2.643 2.087 3.658 5.566 6.73 4.117 18.052 4.849 3.06 4.948 3.523 6.5 
5.983 0.401 3.912 1.194 3.88 1.012 0.365 4.365 5.439 0.9 0 3.156 3.925 1.834 1.297 8.251 1.323 2.493 2.578 3.29 1.668 7.471 1.235 1.381 3.293 1.236 1.72 0.258 2.477 1.879 3.101 5.966 6.775 3.866 2.787 6.085 1.721 1.331 1.118 4.559 2.635 7.002 3.422 6.47 5.243 2.6 7.644 2.702 2.715 6.581 1.764 6.686 2.579 3.019 4.081 4.029 3.119 3.542 6.782 4.873 1.898 3.536 3.536 3.931 3.674 4.366 2.324 2.53 1.563 6.83 3.331 2.106 7.455 5.011 2.556 1.802 2.262 2.662 2.099 1.234 1.352 0.318 3.111 4.047 2.658 2.125 3.654 5.562 6.745 4.132 18.048 4.845 3.075 4.944 3.538 6.515 
3.349 3.231 4.508 2.484 7.18 2.302 3.195 7.665 2.463 3.714 2.829 0 4.521 4.003 4.597 11.551 2.613 2.851 4.862 3.886 4.584 4.837 2.691 2.564 4.019 4.383 3.883 3.088 4.214 3.779 0.467 3.332 10.075 4.462 3.477 9.385 3.884 3.956 4.418 5.155 3.969 10.302 1.2 9.77 2.609 4.884 10.944 3.298 4.768 9.881 3.676 9.986 3.91 3.944 4.677 4.625 3.843 4.827 10.082 5.469 1.277 6.836 6.836 4.527 1.069 4.962 1.08 4.27 4.188 10.13 3.927 4.162 10.755 5.607 4.416 4.035 4.256 3.059 3.43 4.153 4.268 3.148 3.707 4.643 4.475 1.261 0.66 2.586 10.045 7.432 15.072 5.441 4.172 5.54 6.838 9.815 
7.209 3.517 0.514 2.728 2.915 2.991 3.481 3.4 6.069 3.153 3.642 4.811 0 1.945 2.29 7.286 2.857 2.112 1.519 1.213 2.607 8.697 2.932 2.808 0.805 2.406 2.441 3.922 1.537 1.916 4.756 7.192 5.81 0.148 1.588 5.12 2.442 2.514 2.558 1.028 1.233 6.037 4.052 5.505 6.469 1.541 6.679 1.92 1.425 5.616 2.224 5.721 1.658 1.208 0.363 0.662 1.316 1.177 5.817 1.661 3.249 2.571 2.571 0.631 4.304 0.777 3.523 1.126 2.324 5.865 1.254 1.566 6.49 1.799 1.272 1.977 1.586 1.89 1.99 2.7 2.429 3.434 0.902 0.479 1.069 3.599 4.284 6.192 5.78 3.167 18.678 0.817 0.958 1.732 2.573 5.55 
6.416 1.877 1.955 1.516 2.895 1.334 1.841 3.38 5.276 1.513 2.002 4.018 1.968 0 0.436 7.266 1.2 1.319 1.074 1.333 0.753 7.904 1.278 1.079 1.466 0.552 0.569 1.792 0.891 0.456 3.963 6.399 5.79 1.909 0.795 5.1 0.764 0.836 0.704 2.602 1.052 6.017 3.259 5.485 5.676 1.096 6.659 1.356 0.98 5.596 0.546 5.701 0.587 1.027 2.124 2.072 1.29 1.943 5.797 2.916 2.22 2.551 2.551 1.974 3.511 2.409 2.73 0.947 0.413 5.845 1.374 0.456 6.47 3.054 0.973 0.031 0.468 1.316 0.571 1.022 0.483 1.794 1.154 2.09 1.152 2.806 3.491 5.399 5.76 3.147 17.885 2.888 1.338 2.987 2.553 5.53 
7.207 1.498 2.328 2.586 2.582 2.109 1.462 3.067 6.067 1.509 1.623 4.25 2.341 0.652 0 6.953 2.13 1.972 1.28 1.652 0.316 8.695 1.863 2.009 1.995 0.115 0.951 1.355 1.179 1.275 4.195 7.19 5.477 2.282 1.448 4.787 0.952 0.894 0.267 2.975 1.337 5.704 4.05 5.172 6.467 1.302 6.346 2.009 1.417 5.283 1.365 5.388 0.938 1.378 2.497 2.445 1.478 2.244 5.484 3.289 3.107 2.238 2.238 2.347 4.302 2.782 3.521 1.232 0.795 5.532 1.693 0.808 6.157 3.427 1.258 0.62 0.964 1.969 1.39 0.383 0.501 1.415 1.684 2.463 1.36 3.597 4.282 6.19 5.447 2.834 18.676 3.423 1.777 3.36 2.24 5.217 
16.724 8.355 7.987 8.365 4.712 8.183 8.319 5.197 12.003 8.366 8.48 10.745 8 7.039 6.856 0 8.049 8.168 6.311 7.311 7.173 18.212 8.127 7.928 7.026 6.972 7.612 8.212 6.81 7.305 10.69 16.707 2.24 7.941 7.644 5.97 7.613 7.685 7.124 8.634 6.981 1.248 9.986 1.935 12.403 6.333 2.627 8.205 6.448 2.046 7.395 2.151 6.968 7.429 8.152 8.104 7.535 7.275 1.769 8.948 9.069 4.841 4.841 8.006 10.238 8.441 9.457 6.875 7.455 1.589 7.352 6.838 1.272 7.123 6.56 7.071 6.595 8.165 7.42 7.24 7.358 8.272 7.343 8.122 6.391 9.533 10.218 12.126 1.728 4.964 24.612 8.454 6.808 9.019 6.67 1.98 
5.428 1.214 2.96 0.316 4.693 0.134 1.178 5.178 4.542 1.713 0.812 2.601 2.973 1.397 2.11 9.064 0 1.541 2.216 2.338 1.938 6.916 0.523 0.396 2.471 2.049 1.235 1.071 2.036 1.133 2.546 5.411 7.588 2.914 1.929 6.898 1.236 1.308 1.931 3.607 2.421 7.815 2.565 7.283 4.688 2.238 8.457 1.75 2.122 7.394 1.018 7.499 1.727 2.396 3.129 3.077 2.295 3.279 7.595 3.921 1.02 4.349 4.349 2.979 2.817 3.414 1.446 2.087 1.54 7.643 2.379 1.598 8.268 4.059 2.115 1.388 1.61 1.71 1.248 1.507 1.622 1.131 2.159 3.095 2.296 1.247 2.797 4.665 7.558 4.945 17.151 3.893 2.624 3.992 4.351 7.328 
5.168 2.141 1.707 1.352 3.764 1.615 2.105 4.249 4.028 1.777 2.266 2.77 1.72 1.234 1.97 8.135 1.481 0 2.094 1.085 1.924 6.656 1.559 1.432 1.218 1.723 1.234 2.546 1.445 1.132 2.715 5.151 6.659 1.661 0.676 5.969 1.235 1.307 1.791 2.354 1.168 6.886 2.011 6.354 4.428 2.116 7.528 0.247 2 6.465 1.017 6.57 1.141 1.143 1.876 1.824 1.042 2.026 6.666 2.668 1.655 3.42 3.42 1.726 2.263 2.161 1.482 1.501 1.541 6.714 1.126 1.393 7.339 2.806 1.647 1.266 1.488 0.207 0.783 1.493 1.608 2.058 0.906 1.842 1.706 1.558 2.243 4.151 6.629 4.016 16.637 2.64 1.371 2.739 3.422 6.399 
6.962 2.683 1.656 2.481 2.473 2.14 2.647 2.958 5.822 2.319 2.808 4.564 1.669 0.996 1.433 6.844 2.006 1.865 0 0.98 1.75 8.45 2.084 1.885 0.698 1.549 1.569 2.789 0.508 1.002 4.509 6.945 5.368 1.61 1.341 4.678 1.57 1.642 2.126 2.303 0.665 5.595 3.805 5.063 6.222 0.018 6.237 1.902 0.133 5.174 1.352 5.279 0.667 1.104 1.825 1.773 1.204 1.097 5.375 2.617 3.002 2.129 2.129 1.675 4.057 2.11 3.276 0.559 1.412 5.423 1.021 0.537 6.048 2.755 0.245 1.028 0.552 1.862 1.117 1.828 1.482 2.6 1.012 1.791 0.306 3.352 4.037 5.945 5.338 2.725 18.431 2.276 0.492 2.688 2.131 5.108 
6.666 2.974 1.225 2.185 2.81 2.448 2.938 3.295 5.526 2.61 3.099 4.268 1.238 1.402 2.185 7.181 2.314 1.569 1.414 0 2.502 8.154 2.389 2.265 0.264 2.301 1.898 3.379 0.996 1.373 4.213 6.649 5.705 1.179 1.045 5.015 1.899 1.971 2.453 1.872 0.692 5.932 3.509 5.4 5.926 1.436 6.574 1.606 1.32 5.511 1.681 5.616 1.038 0.667 1.394 1.342 0.773 1.072 5.712 2.186 2.706 2.466 2.466 1.244 3.761 1.679 2.98 0.585 1.781 5.76 0.04 1.025 6.385 2.324 0.731 1.434 1.039 1.566 1.447 2.157 1.886 2.891 0.581 1.36 0.79 3.056 3.741 5.649 5.675 3.062 18.135 2.251 0.417 2.257 2.468 5.445 
6.89 1.181 3.078 2.269 3.264 1.792 1.145 3.749 5.75 1.192 1.306 3.933 3.091 1.122 0.681 7.635 1.813 2.442 1.962 2.456 0 8.378 1.546 1.692 2.677 0.892 1.104 1.038 1.861 1.263 3.878 6.873 6.159 3.032 1.918 5.469 1.105 0.715 0.502 3.725 2.019 6.386 3.733 5.854 6.15 1.984 7.028 2.479 2.099 5.965 1.148 6.07 1.62 2.06 3.247 3.195 2.16 2.926 6.166 4.039 2.79 2.92 2.92 3.097 3.985 3.532 3.204 1.914 0.897 6.214 2.497 1.49 6.839 4.177 1.94 1.09 1.646 2.439 1.378 0.618 0.736 1.098 2.277 3.213 2.042 3.28 3.965 5.873 6.129 3.516 18.359 4.105 2.459 4.11 2.922 5.899 
1.487 7.571 8.288 6.824 10.96 6.642 7.535 11.445 5.164 7.494 7.169 4.908 8.301 7.783 8.377 15.331 6.953 6.631 8.642 7.666 8.364 0 7.031 6.904 7.799 8.163 7.663 7.428 7.994 7.559 4.853 1.504 13.855 8.242 7.257 13.165 7.664 7.736 8.198 8.935 7.749 14.082 4.98 13.55 2.227 8.664 14.724 7.078 8.548 13.661 7.456 13.766 7.69 7.724 8.457 8.405 7.623 8.607 13.862 9.249 5.617 10.616 10.616 8.307 4.849 8.742 5.42 8.05 7.968 13.91 7.707 7.942 14.535 12.378 8.196 7.815 8.036 6.839 7.21 7.933 8.048 7.488 7.487 8.423 8.255 5.601 4.44 5.287 13.825 11.212 14.829 9.221 7.952 9.32 10.618 13.595 
5.661 1.105 3.193 0.549 4.584 0.367 1.069 5.069 4.775 1.604 0.703 2.834 3.206 1.63 2.001 8.955 0.678 1.774 2.449 2.571 1.911 7.149 0 0.629 2.704 1.94 1.468 0.962 2.269 1.366 2.779 5.644 7.479 3.147 2.162 6.789 1.469 1.527 1.822 3.84 2.654 7.706 2.798 7.174 4.921 2.471 8.348 1.983 2.355 7.285 1.251 7.39 1.96 2.629 3.362 3.31 2.528 3.512 7.486 4.154 1.253 4.24 4.24 3.212 3.05 3.647 1.679 2.32 1.759 7.534 2.612 1.831 8.159 4.292 2.348 1.621 1.843 1.943 1.481 1.48 1.595 1.022 2.392 3.328 2.529 1.48 3.03 4.898 7.449 4.836 17.384 4.126 2.857 4.225 4.242 7.219 
5.865 0.784 3.397 0.753 4.214 0.571 0.748 4.699 5.306 1.306 0.907 3.038 3.41 1.786 1.631 8.585 0.882 1.978 2.912 2.775 1.618 7.353 0.203 0 2.908 1.57 1.623 1.166 2.75 1.782 2.983 5.848 7.109 3.351 2.654 6.419 1.624 1.234 1.452 4.044 2.911 7.336 3.289 6.804 5.125 2.934 7.978 2.187 3.049 6.915 1.667 7.02 2.446 2.886 3.566 3.514 2.732 3.802 7.116 4.358 1.457 3.87 3.87 3.416 3.541 3.851 1.883 2.806 1.466 7.164 2.816 2.247 7.789 4.496 2.952 1.754 2.259 2.147 1.966 1.187 1.302 0.701 2.596 3.532 3.011 1.684 3.521 5.429 7.079 4.466 17.915 4.33 3.197 4.429 3.872 6.849 
6.401 2.709 0.96 1.92 2.963 2.183 2.673 3.448 5.261 2.345 2.834 4.003 0.973 1.137 1.574 7.334 2.049 1.304 1.567 0.284 1.891 7.889 2.124 2 0 1.69 1.633 3.114 0.731 1.108 3.948 6.384 5.858 0.914 0.78 5.168 1.634 1.706 2.19 1.607 0.427 6.085 3.244 5.553 5.661 1.589 6.727 1.341 1.473 5.664 1.416 5.769 0.773 0.402 1.129 1.077 0.508 1.225 5.865 1.921 2.441 2.619 2.619 0.979 3.496 1.414 2.715 0.787 1.516 5.913 0.325 0.76 6.538 2.059 0.933 1.169 0.774 1.301 1.182 1.892 1.621 2.626 0.316 1.095 0.992 2.791 3.476 5.384 5.828 3.215 17.87 1.893 0.57 1.992 2.621 5.598 
7.338 1.629 2.699 2.717 2.904 2.24 1.593 3.389 6.198 1.64 1.754 4.381 2.712 0.743 0.397 7.275 2.261 2.063 1.602 2.077 0.714 8.826 1.994 2.14 2.21 0 1.042 1.486 1.635 1.2 4.326 7.321 5.799 2.653 1.539 5.109 1.043 1.118 0.419 3.346 1.796 6.026 4.181 5.494 6.598 1.624 6.668 2.1 1.739 5.605 1.29 5.71 1.331 1.771 2.868 2.816 2.034 2.566 5.806 3.66 3.238 2.56 2.56 2.718 4.433 3.153 3.652 1.691 0.886 5.854 2.118 1.2 6.479 3.798 1.58 0.711 1.212 2.06 1.315 0.535 0.653 1.546 1.898 2.834 1.682 3.728 4.413 6.321 5.769 3.156 18.807 3.632 2.099 3.731 2.562 5.539 
6.579 1.568 2.118 2.281 3.02 1.497 1.532 3.505 5.439 1.204 1.693 4.181 2.131 0.162 0.553 7.391 1.363 1.482 1.237 1.496 0.693 8.067 1.558 1.242 1.629 0.492 0 1.835 1.054 0.619 4.126 6.562 5.915 2.072 0.958 5.225 0.464 0.539 1.023 2.765 1.215 6.142 3.422 5.61 5.839 1.259 6.784 1.519 1.143 5.721 0.709 5.826 0.75 1.19 2.287 2.235 1.453 2.106 5.922 3.079 2.802 2.676 2.676 2.137 3.674 2.572 2.893 1.11 0.307 5.97 1.537 0.619 6.595 3.217 1.136 0.153 0.631 1.479 0.734 0.725 0.377 1.485 1.317 2.253 1.315 2.969 3.654 5.562 5.885 3.272 18.048 3.051 1.501 3.15 2.678 5.655 
5.724 0.142 3.653 0.935 4.088 0.753 0.106 4.573 5.18 1.18 0.267 2.897 3.666 1.66 1.505 8.459 1.064 2.234 2.786 3.031 1.492 7.212 0.976 1.122 3.164 1.444 1.497 0 2.624 1.656 2.842 5.707 6.983 3.607 2.528 6.293 1.498 1.108 1.326 4.3 2.785 7.21 3.163 6.678 4.984 2.808 7.852 2.443 2.923 6.789 1.541 6.894 2.32 2.76 3.822 3.77 2.86 3.676 6.99 4.614 1.639 3.744 3.744 3.672 3.415 4.107 2.065 2.68 1.34 7.038 3.072 2.121 7.663 4.752 2.826 1.628 2.133 2.403 1.84 1.061 1.176 0.059 2.852 3.788 2.885 1.866 3.395 5.303 6.953 4.34 17.789 4.586 3.071 4.685 3.746 6.723 
6.59 2.173 1.617 1.812 2.43 1.63 2.137 2.915 5.45 1.809 2.298 4.192 1.63 0.486 0.923 6.801 1.496 1.615 0.648 0.941 1.24 8.078 1.574 1.375 1.118 1.039 1.059 2.279 0 0.752 4.137 6.573 5.325 1.571 1.091 4.635 1.06 1.132 1.616 2.264 0.626 5.552 3.433 5.02 5.85 0.67 6.194 1.652 0.554 5.131 0.842 5.236 0.415 0.855 1.786 1.734 0.955 1.612 5.332 2.578 2.516 2.086 2.086 1.636 3.685 2.071 2.904 0.521 0.902 5.38 0.982 0.285 6.005 2.716 0.547 0.518 0.042 1.612 0.867 1.318 0.972 2.09 0.973 1.752 0.728 2.98 3.665 5.573 5.295 2.682 18.059 2.791 0.912 2.649 2.088 5.065 
5.849 1.68 1.965 1.368 3.329 1.137 1.644 3.814 4.709 1.316 1.805 3.451 1.978 0.69 1.302 7.7 1.003 0.893 1.547 1.343 1.256 7.337 1.081 0.882 1.476 1.055 0.566 2.085 0.901 0 3.396 5.832 6.224 1.919 0.805 5.534 0.567 0.639 1.123 2.612 1.062 6.451 2.692 5.919 5.109 1.569 7.093 1.102 1.453 6.03 0.349 6.135 0.597 1.037 2.134 2.082 1.137 1.953 6.231 2.926 1.889 2.985 2.985 1.984 2.944 2.419 2.163 0.957 0.873 6.279 1.384 0.929 6.904 3.064 1.103 0.722 0.941 1.062 0.115 0.825 0.94 1.597 1.164 2.1 1.162 2.239 2.924 4.832 6.194 3.581 17.318 2.898 1.348 2.997 2.987 5.964 
2.881 3.323 4.04 2.576 6.712 2.394 3.287 7.197 1.995 3.246 2.921 0.66 4.053 3.535 4.129 11.083 2.705 2.383 4.394 3.418 4.116 4.369 2.783 2.656 3.551 3.915 3.415 3.18 3.746 3.311 0 2.864 9.607 3.994 3.009 8.917 3.416 3.488 3.95 4.687 3.501 9.834 0.732 9.302 2.141 4.416 10.476 2.83 4.3 9.413 3.208 9.518 3.442 3.476 4.209 4.157 3.375 4.359 9.614 5.001 1.369 6.368 6.368 4.059 0.601 4.494 1.172 3.802 3.72 9.662 3.459 3.694 10.287 5.139 3.948 3.567 3.788 2.591 2.962 3.685 3.8 3.24 3.239 4.175 4.007 1.353 0.192 2.118 9.577 6.964 14.604 4.973 3.704 5.072 6.37 9.347 
0.016 6.066 6.783 5.319 9.455 5.137 6.03 9.94 3.659 5.989 5.664 3.403 6.796 6.278 6.872 13.826 5.448 5.126 7.137 6.161 6.859 1.504 5.526 5.399 6.294 6.658 6.158 5.923 6.489 6.054 3.348 0 12.35 6.737 5.752 11.66 6.159 6.231 6.693 7.43 6.244 12.577 3.475 12.045 0.722 7.159 13.219 5.573 7.043 12.156 5.951 12.261 6.185 6.219 6.952 6.9 6.118 7.102 12.357 7.744 4.112 9.111 9.111 6.802 3.344 7.237 3.915 6.545 6.463 12.405 6.202 6.437 13.03 10.873 6.691 6.31 6.531 5.334 5.705 6.428 6.543 5.983 5.982 6.918 6.75 4.096 2.935 3.782 12.32 9.707 13.324 7.716 6.447 7.815 9.113 12.09 
11.574 6.786 6.418 6.796 3.143 6.614 6.75 3.628 10.434 6.797 6.911 9.176 6.431 5.47 5.287 2.617 6.48 6.599 4.742 5.742 5.604 13.062 6.558 6.359 5.457 5.403 6.043 6.643 5.241 5.736 9.121 11.557 0 6.372 6.075 4.401 6.044 6.116 5.555 7.065 5.412 1.368 8.417 0.836 10.834 4.764 1.674 6.636 4.879 0.611 5.826 0.519 5.399 5.86 6.583 6.535 5.966 5.706 0.812 7.379 7.5 3.272 3.272 6.437 8.669 6.872 7.888 5.306 5.886 0.86 5.783 5.269 1.485 7.517 4.991 5.502 5.026 6.596 5.851 5.671 5.789 6.703 5.774 6.553 4.822 7.964 8.649 10.557 0.775 3.395 23.043 6.885 5.239 7.45 5.101 0.348 
7.061 3.369 0.366 2.58 2.767 2.843 3.333 3.252 5.921 3.005 3.494 4.663 0.379 1.797 2.142 7.138 2.709 1.964 1.371 1.065 2.459 8.549 2.784 2.66 0.657 2.258 2.293 3.774 1.452 1.768 4.608 7.044 5.662 0 1.44 4.972 2.294 2.366 2.41 0.88 1.148 5.889 3.904 5.357 6.321 1.393 6.531 1.772 1.277 5.468 2.076 5.573 1.51 1.123 0.215 0.514 1.168 1.029 5.669 1.513 3.101 2.423 2.423 0.483 4.156 0.629 3.375 0.978 2.176 5.717 1.106 1.481 6.342 1.651 1.124 1.829 1.438 1.742 1.842 2.552 2.281 3.286 0.754 0.331 0.921 3.451 4.136 6.044 5.632 3.019 18.53 0.669 0.81 1.584 2.425 5.402 
5.62 1.928 2.083 1.139 3.615 1.402 1.892 4.1 4.48 1.564 2.053 3.222 2.096 0.974 1.588 7.986 1.268 0.664 1.833 1.461 1.542 7.108 1.343 1.219 1.594 1.341 0.852 2.333 1.185 0.75 3.167 5.603 6.51 2.037 0 5.82 0.853 0.925 1.409 2.73 1.346 6.737 2.463 6.205 4.88 1.855 7.379 0.873 1.739 6.316 0.635 6.421 0.881 1.321 2.252 2.2 1.418 2.402 6.517 3.044 1.66 3.271 3.271 2.102 2.715 2.537 1.934 1.241 1.159 6.565 1.502 1.133 7.19 3.182 1.387 1.006 1.227 0.833 0.401 1.111 1.226 1.845 1.282 2.218 1.446 2.01 2.695 4.603 6.48 3.867 17.089 3.016 1.632 3.115 3.273 6.25 
9.506 4.718 4.35 4.728 0.845 4.546 4.682 0.17 8.366 4.729 4.843 7.108 4.363 3.402 3.219 4.569 4.412 4.531 2.674 3.674 3.536 10.994 4.49 4.291 3.389 3.335 3.975 4.575 3.173 3.668 7.053 9.489 3.093 4.304 4.007 0 3.976 4.048 3.487 3.101 3.344 3.32 6.349 2.788 8.766 2.696 3.962 4.568 2.811 2.899 3.758 3.004 3.331 3.792 4.515 4.467 3.898 3.638 3.1 5.311 5.432 1.06 1.06 4.369 6.601 2.871 5.82 3.238 3.818 3.148 3.715 3.201 3.773 5.449 2.923 3.434 2.958 4.528 3.783 3.603 3.721 4.635 3.706 4.485 2.754 5.896 6.581 8.489 3.063 0.403 20.975 2.815 3.171 5.382 1.098 2.833 
5.994 1.577 2.12 1.216 3.021 1.034 1.541 3.506 4.854 1.213 1.702 3.596 2.133 0.42 1.199 7.392 0.9 1.049 1.239 1.498 1.153 7.482 0.978 0.779 1.631 0.952 0.463 1.982 1.059 0.156 3.541 5.977 5.916 2.074 0.96 5.226 0 0.536 1.02 2.767 1.217 6.143 2.837 5.611 5.254 1.261 6.785 1.258 1.145 5.722 0.246 5.827 0.752 1.192 2.289 2.237 1.455 2.203 5.923 3.081 1.92 2.677 2.677 2.139 3.089 2.574 2.308 1.112 0.565 5.971 1.539 0.621 6.596 3.219 1.138 0.411 0.633 1.218 0.271 0.722 0.635 1.494 1.319 2.255 1.319 2.384 3.069 4.977 5.886 3.273 17.463 3.053 1.503 3.152 2.679 5.656 
6.826 1.492 2.507 2.205 2.944 1.424 1.456 3.429 5.686 1.128 1.617 4.428 2.52 0.551 0.477 7.315 1.29 1.438 1.642 1.885 0.617 8.314 1.482 1.169 2.018 0.416 0.387 1.759 1.448 0.545 4.373 6.809 5.839 2.461 1.347 5.149 0.388 0 0.947 3.154 1.604 6.066 3.669 5.534 6.086 1.664 6.708 1.647 1.534 5.645 0.635 5.75 1.139 1.579 2.676 2.624 1.842 2.606 5.846 3.468 2.726 2.6 2.6 2.526 3.921 2.961 3.14 1.499 0.231 5.894 1.926 1.01 6.519 3.606 1.527 0.519 1.022 1.607 0.66 0.649 0.301 1.409 1.706 2.642 1.722 3.216 3.901 5.809 5.809 3.196 18.295 3.44 1.89 3.539 2.602 5.579 
6.988 1.369 2.672 2.367 2.877 1.586 1.333 3.362 5.848 1.29 1.494 4.59 2.685 0.716 0.41 7.248 1.452 1.602 1.575 2.05 0.55 8.476 1.644 1.331 2.29 0.349 0.551 1.226 1.474 0.709 4.535 6.971 5.772 2.626 1.512 5.082 0.552 0.627 0 3.319 1.632 5.999 3.831 5.467 6.248 1.597 6.641 2.073 1.712 5.578 0.799 5.683 1.304 1.744 2.841 2.789 2.007 2.539 5.779 3.633 2.888 2.533 2.533 2.691 4.083 3.126 3.302 1.527 0.395 5.827 2.091 1.173 6.452 3.771 1.553 0.684 1.185 2.033 0.824 0.116 0.234 1.286 1.871 2.807 1.655 3.378 4.063 5.971 5.742 3.129 18.457 3.605 2.072 3.704 2.535 5.512 
10.489 4.062 0.953 3.273 3.696 3.536 4.026 4.181 6.614 3.698 4.187 5.356 0.966 2.49 2.927 8.067 3.402 2.657 2.3 1.758 3.244 11.977 3.477 3.353 1.891 3.043 2.986 4.467 2.145 2.461 5.301 10.472 6.591 1.115 2.133 5.901 2.987 3.059 3.543 0 1.841 6.818 4.597 6.286 7.014 2.322 7.46 2.465 2.206 6.397 2.769 6.502 2.203 1.816 0.717 0.407 1.861 2.144 6.598 0.66 3.794 3.352 3.352 0.682 4.849 0.29 4.068 2.212 2.869 6.646 1.799 2.174 7.271 0.798 2.358 2.522 2.188 2.435 2.535 3.245 2.974 3.979 1.447 0.591 1.85 4.144 4.829 6.737 6.561 3.948 19.223 0.285 2.044 0.731 3.354 6.331 
6.431 2.739 0.99 1.95 2.741 2.213 2.703 3.226 5.291 2.375 2.864 4.033 1.003 1.167 1.604 7.112 2.079 1.334 1.06 0.314 1.921 7.919 2.154 2.03 0.447 1.72 1.663 3.144 0.761 1.138 3.978 6.414 5.636 0.944 0.81 4.946 1.664 1.736 2.22 1.637 0 5.863 3.274 5.331 5.691 1.082 6.505 1.371 0.966 5.442 1.446 5.547 0.803 0.432 1.159 1.107 0.538 1.003 5.643 1.951 2.471 2.397 2.397 1.009 3.526 1.444 2.745 0.468 1.546 5.691 0.355 0.79 6.316 2.089 0.614 1.199 0.804 1.331 1.212 1.922 1.651 2.656 0.346 1.125 0.673 2.821 3.506 5.414 5.606 2.993 17.9 1.923 0.3 2.022 2.399 5.376 
13.246 7.344 6.976 7.354 3.701 7.172 7.308 4.186 10.992 7.355 7.469 9.734 6.989 6.028 5.845 1.248 7.038 7.157 5.3 6.3 6.162 14.734 7.116 6.917 6.015 5.961 6.601 7.201 5.799 6.294 9.679 13.229 1.229 6.93 6.633 4.959 6.602 6.674 6.113 7.623 5.97 0 8.975 0.924 11.392 5.322 2.098 7.194 5.437 1.035 6.384 1.14 5.957 6.418 7.141 7.093 6.524 6.264 1.236 7.937 8.058 3.83 3.83 6.995 9.227 7.43 8.446 5.864 6.444 1.284 6.341 5.827 1.22 6.57 5.549 6.06 5.584 7.154 6.409 6.229 6.347 7.261 6.332 7.111 5.38 8.522 9.207 11.115 1.199 3.953 23.601 7.443 5.797 8.008 5.659 0.969 
3.414 3.24 3.67 2.451 6.342 2.714 3.204 6.827 2.274 2.876 3.365 1.016 3.683 3.165 3.759 10.713 2.58 2.013 4.024 3.048 3.746 4.902 2.658 2.531 3.181 3.545 3.045 3.645 3.376 2.941 0.961 3.397 9.237 3.624 2.639 8.547 3.046 3.118 3.58 4.317 3.131 9.464 0 8.932 2.674 4.046 10.106 2.46 3.93 9.043 2.838 9.148 3.072 3.106 3.839 3.787 3.005 3.989 9.244 4.631 1.535 5.998 5.998 3.689 0.219 4.124 1.362 3.432 3.35 9.292 3.089 3.324 9.917 4.769 3.578 3.197 3.418 2.221 2.592 3.315 3.43 3.157 2.869 3.805 3.637 1.438 0.489 2.397 9.207 6.594 14.883 4.603 3.334 4.702 6 8.977 
11.684 6.896 6.528 6.906 3.253 6.724 6.86 3.738 10.544 6.907 7.021 9.286 6.541 5.58 5.397 1.847 6.59 6.709 4.852 5.852 5.714 13.172 6.668 6.469 5.567 5.513 6.153 6.753 5.351 5.846 9.231 11.667 0.781 6.482 6.185 4.511 6.154 6.226 5.665 7.175 5.522 1.795 8.527 0 10.944 4.874 1.172 6.746 4.989 0.109 5.936 0.692 5.509 5.97 6.693 6.645 6.076 5.816 0.31 7.489 7.61 3.382 3.382 6.547 8.779 6.982 7.998 5.416 5.996 0.358 5.893 5.379 0.983 7.627 5.101 5.612 5.136 6.706 5.961 5.781 5.899 6.813 5.884 6.663 4.932 8.074 8.759 10.667 0.273 3.505 23.153 6.995 5.349 7.56 5.211 0.521 
0.739 5.343 6.06 4.596 8.732 4.414 5.307 9.217 2.936 5.266 4.941 2.68 6.073 5.555 6.149 13.103 4.725 4.403 6.414 5.438 6.136 2.227 4.803 4.676 5.571 5.935 5.435 5.2 5.766 5.331 2.625 0.722 11.627 6.014 5.029 10.937 5.436 5.508 5.97 6.707 5.521 11.854 2.752 11.322 0 6.436 12.496 4.85 6.32 11.433 5.228 11.538 5.462 5.496 6.229 6.177 5.395 6.379 11.634 7.021 3.389 8.388 8.388 6.079 2.621 6.514 3.192 5.822 5.74 11.682 5.479 5.714 12.307 10.15 5.968 5.587 5.808 4.611 4.982 5.705 5.82 5.26 5.259 6.195 6.027 3.373 2.212 3.059 11.597 8.984 12.601 6.993 5.724 7.092 8.39 11.367 
6.943 2.664 1.637 2.462 2.454 2.121 2.628 2.939 5.803 2.3 2.789 4.545 1.65 0.977 1.414 6.825 1.987 1.846 0.672 0.961 1.731 8.431 2.065 1.866 0.679 1.53 1.55 2.77 0.489 0.983 4.49 6.926 5.349 1.591 1.322 4.659 1.551 1.623 2.107 2.284 0.646 5.576 3.786 5.044 6.203 0 6.218 1.883 0.114 5.155 1.333 5.26 0.648 1.085 1.806 1.754 1.185 1.078 5.356 2.598 2.983 2.11 2.11 1.656 4.038 2.091 3.257 0.54 1.393 5.404 1.002 0.518 6.029 2.736 0.226 1.009 0.533 1.843 1.098 1.809 1.463 2.581 0.993 1.772 0.287 3.333 4.018 5.926 5.319 2.706 18.412 2.257 0.473 2.669 2.112 5.089 
11.978 7.19 6.822 7.2 3.547 7.018 7.154 4.032 10.838 7.201 7.315 9.58 6.835 5.874 5.691 2.438 6.884 7.003 5.146 6.146 6.008 13.466 6.962 6.763 5.861 5.807 6.447 7.047 5.645 6.14 9.525 11.961 0.463 6.776 6.479 4.805 6.448 6.52 5.959 7.469 5.816 1.772 8.821 1.24 11.238 5.168 0 7.04 5.283 0.916 6.23 0.374 5.803 6.264 6.987 6.939 6.37 6.11 1.117 7.783 7.904 3.676 3.676 6.841 9.073 7.276 8.292 5.71 6.29 1.171 6.187 5.673 1.574 7.921 5.395 5.906 5.43 7 6.255 6.075 6.193 7.107 6.178 6.957 5.226 8.368 9.053 10.961 1.08 3.799 23.447 7.289 5.643 7.854 5.505 0.653 
5.709 2.563 1.665 1.774 3.722 2.037 2.527 4.207 4.569 2.199 2.688 3.311 1.678 1.192 1.629 8.093 1.903 0.422 2.052 1.043 1.946 7.197 1.978 1.854 1.176 1.745 1.487 2.968 1.403 0.962 3.256 5.692 6.617 1.619 0.634 5.927 1.488 1.56 2.044 2.312 1.126 6.844 2.39 6.312 4.969 2.074 7.486 0 1.958 6.423 1.27 6.528 1.099 1.101 1.834 1.782 1 1.984 6.624 2.626 2.196 3.378 3.378 1.684 2.804 2.119 2.023 1.459 1.37 6.672 1.084 1.351 7.297 2.764 1.605 1.224 1.446 0.215 1.036 1.746 1.44 2.48 0.864 1.8 1.664 2.099 2.784 4.692 6.587 3.974 17.178 2.598 1.329 2.697 3.38 6.357 
6.83 2.55 1.524 2.349 2.34 2.007 2.514 2.825 5.69 2.186 2.675 4.432 1.537 0.863 1.3 6.711 1.873 1.733 0.558 0.848 1.617 8.318 1.951 1.752 1.025 1.416 1.436 2.656 0.375 0.869 4.377 6.813 5.235 1.478 1.209 4.545 1.437 1.509 1.993 2.171 0.533 5.462 3.673 4.93 6.09 0.58 6.104 1.77 0 5.041 1.219 5.146 0.534 0.972 1.693 1.641 1.072 1.424 5.242 2.485 2.87 1.996 1.996 1.543 3.925 1.978 3.144 0.428 1.279 5.29 0.889 0.404 5.915 2.623 0.112 0.895 0.419 1.73 0.984 1.695 1.349 2.467 0.88 1.659 0.633 3.22 3.905 5.813 5.205 2.592 18.299 2.457 0.819 2.556 1.998 4.975 
11.574 6.786 6.418 6.796 3.143 6.614 6.75 3.628 10.434 6.797 6.911 9.176 6.431 5.47 5.287 1.737 6.48 6.599 4.742 5.742 5.604 13.062 6.558 6.359 5.457 5.403 6.043 6.643 5.241 5.736 9.121 11.557 0.671 6.372 6.075 4.401 6.044 6.116 5.555 7.065 5.412 1.685 8.417 0.366 10.834 4.764 1.286 6.636 4.879 0 5.826 0.582 5.399 5.86 6.583 6.535 5.966 5.706 0.2 7.379 7.5 3.272 3.272 6.437 8.669 6.872 7.888 5.306 5.886 0.248 5.783 5.269 0.873 7.517 4.991 5.502 5.026 6.596 5.851 5.671 5.789 6.703 5.774 6.553 4.822 7.964 8.649 10.557 0.387 3.395 23.043 6.885 5.239 7.45 5.101 0.411 
6.652 1.318 2.338 2.031 3.535 1.25 1.282 4.02 5.512 0.954 1.443 4.254 2.351 0.379 0.952 7.906 1.116 1.267 1.457 1.716 0.906 8.14 1.308 0.995 1.849 0.705 0.216 1.585 1.277 0.374 4.199 6.635 6.43 2.292 1.178 5.74 0.217 0.289 0.773 2.985 1.435 6.657 3.495 6.125 5.912 1.479 7.299 1.476 1.363 6.236 0 6.341 0.97 1.41 2.507 2.455 1.673 2.421 6.437 3.299 2.552 3.191 3.191 2.357 3.747 2.792 2.966 1.33 0.521 6.485 1.757 0.839 7.11 3.437 1.356 0.37 0.851 1.436 0.489 0.475 0.59 1.235 1.537 2.473 1.537 3.042 3.727 5.635 6.4 3.787 18.121 3.271 1.721 3.37 3.193 6.17 
11.604 6.816 6.448 6.826 3.173 6.644 6.78 3.658 10.464 6.827 6.941 9.206 6.461 5.5 5.317 2.28 6.51 6.629 4.772 5.772 5.634 13.092 6.588 6.389 5.487 5.433 6.073 6.673 5.271 5.766 9.151 11.587 0.089 6.402 6.105 4.431 6.074 6.146 5.585 7.095 5.442 1.398 8.447 0.866 10.864 4.794 1.605 6.666 4.909 0.542 5.856 0 5.429 5.89 6.613 6.565 5.996 5.736 0.743 7.409 7.53 3.302 3.302 6.467 8.699 6.902 7.918 5.336 5.916 0.791 5.813 5.299 1.416 7.547 5.021 5.532 5.056 6.626 5.881 5.701 5.819 6.733 5.804 6.583 4.852 7.994 8.679 10.587 0.706 3.425 23.073 6.915 5.269 7.48 5.131 0.279 
6.677 2.477 1.455 2.196 2.734 1.934 2.441 3.219 5.537 2.113 2.602 4.279 1.468 0.79 1.227 7.105 1.8 1.58 0.952 0.779 1.544 8.165 1.878 1.679 0.956 1.343 1.363 2.583 0.303 0.716 4.224 6.66 5.629 1.409 1.056 4.939 1.364 1.436 1.92 2.102 0.464 5.856 3.52 5.324 5.937 0.974 6.498 1.617 0.858 5.435 1.146 5.54 0 0.821 1.624 1.572 0.921 1.355 5.636 2.416 2.717 2.39 2.39 1.474 3.772 1.909 2.991 0.359 1.206 5.684 0.82 0.251 6.309 2.554 0.505 0.822 0.346 1.577 0.831 1.622 1.276 2.394 0.811 1.59 0.564 3.067 3.752 5.66 5.599 2.986 18.146 2.388 0.75 2.487 2.392 5.369 
6.456 2.764 1.015 1.975 2.658 2.238 2.728 3.143 5.316 2.4 2.889 4.058 1.028 1.192 1.629 7.029 2.104 1.359 0.977 0.339 1.946 7.944 2.179 2.055 0.472 1.745 1.688 3.169 0.786 1.163 4.003 6.439 5.553 0.969 0.835 4.863 1.689 1.761 2.245 1.662 0.024 5.78 3.299 5.248 5.716 0.999 6.422 1.396 0.883 5.359 1.471 5.464 0.828 0 1.184 1.132 0.563 0.92 5.56 1.976 2.496 2.314 2.314 1.034 3.551 1.469 2.77 0.385 1.571 5.608 0.38 0.815 6.233 2.114 0.531 1.224 0.829 1.356 1.237 1.947 1.676 2.681 0.371 1.15 0.59 2.846 3.531 5.439 5.523 2.91 17.925 1.948 0.217 2.047 2.316 5.293 
7.241 3.549 0.203 2.76 2.96 3.023 3.513 3.445 6.101 3.185 3.674 4.843 0.216 1.977 2.335 7.331 2.889 2.144 1.564 1.245 2.652 8.729 2.964 2.84 0.85 2.451 2.473 3.954 1.582 1.948 4.788 7.224 5.855 0.193 1.62 5.165 2.474 2.546 2.603 0.717 1.278 6.082 4.084 5.55 6.501 1.586 6.724 1.952 1.47 5.661 2.256 5.766 1.69 1.253 0 0.351 1.348 1.222 5.862 1.317 3.281 2.616 2.616 0.32 4.336 0.466 3.555 1.171 2.356 5.91 1.286 1.611 6.535 1.455 1.317 2.009 1.631 1.922 2.022 2.732 2.461 3.466 0.934 0.168 1.114 3.631 4.316 6.224 5.825 3.212 18.71 0.506 1.003 1.388 2.618 5.595 
7.224 3.532 0.32 2.743 3.249 3.006 3.496 3.734 6.084 3.168 3.657 4.826 0.333 1.96 2.397 7.62 2.872 2.127 1.853 1.228 2.714 8.712 2.947 2.823 1.139 2.513 2.456 3.937 1.615 1.931 4.771 7.207 6.144 0.482 1.603 5.454 2.457 2.529 3.013 0.407 1.311 6.371 4.067 5.839 6.484 1.875 7.013 1.935 1.759 5.95 2.239 6.055 1.673 1.286 0.351 0 1.331 1.511 6.151 0.992 3.264 2.905 2.905 0.097 4.319 0.295 3.538 1.46 2.339 6.199 1.269 1.644 6.824 1.13 1.606 1.992 1.658 1.905 2.005 2.715 2.444 3.449 0.917 0.183 1.403 3.614 4.299 6.207 6.114 3.501 18.693 0.693 1.292 1.063 2.907 5.884 
5.892 2.2 2.042 1.411 3.524 1.674 2.164 4.009 4.752 1.836 2.325 3.494 2.055 0.628 1.065 7.895 1.54 0.795 1.488 1.315 1.382 7.38 1.615 1.491 1.492 1.181 1.124 2.605 0.839 0.599 3.439 5.875 6.419 1.996 0.271 5.729 1.125 1.197 1.681 2.689 1 6.646 2.735 6.114 5.152 1.51 7.288 0.832 1.394 6.225 0.907 6.33 0.535 0.975 2.211 2.159 0 1.891 6.426 3.003 1.932 3.18 3.18 2.061 2.987 2.496 2.206 0.895 1.007 6.474 1.356 0.787 7.099 3.141 1.041 0.66 0.882 0.792 0.673 1.383 1.112 2.117 1.241 2.177 1.1 2.282 2.967 4.875 6.389 3.776 17.361 2.975 1.286 3.074 3.182 6.159 
7.743 3.398 2.557 2.965 1.838 2.783 3.362 2.323 6.603 2.962 3.523 5.345 2.57 1.639 1.899 6.209 2.649 2.768 1.128 1.881 2.216 9.231 2.727 2.528 1.843 2.015 2.212 3.255 1.41 1.905 5.29 7.726 4.733 2.511 2.244 4.043 2.213 2.285 2.167 3.204 1.566 4.96 4.586 4.428 7.003 1.15 5.602 2.805 1.034 4.539 1.995 4.644 1.568 2.008 2.969 2.674 2.108 0 4.74 3.518 3.669 1.494 1.494 2.576 4.838 3.011 4.057 1.463 2.055 4.788 1.922 1.438 5.413 3.656 1.146 1.671 1.195 2.765 2.02 2.283 2.125 3.315 1.913 2.692 1.208 4.133 4.818 6.726 4.703 2.09 19.212 3.271 1.393 3.589 1.496 4.473 
11.373 6.585 6.217 6.595 2.942 6.413 6.549 3.427 10.233 6.596 6.71 8.975 6.23 5.269 5.086 2.014 6.279 6.398 4.541 5.541 5.403 12.861 6.357 6.158 5.256 5.202 5.842 6.442 5.04 5.535 8.92 11.356 0.47 6.171 5.874 4.2 5.843 5.915 5.354 6.864 5.211 1.167 8.216 0.165 10.633 4.563 1.339 6.435 4.678 0.276 5.625 0.381 5.198 5.659 6.382 6.334 5.765 5.505 0 7.178 7.299 3.071 3.071 6.236 8.468 6.671 7.687 5.105 5.685 0.525 5.582 5.068 1.15 7.316 4.79 5.301 4.825 6.395 5.65 5.47 5.588 6.502 5.573 6.352 4.621 7.763 8.448 10.356 0.44 3.194 22.842 6.684 5.038 7.249 4.9 0.21 
10.067 4.376 1.267 3.587 4.196 3.85 4.34 4.681 6.928 4.012 4.501 5.67 1.28 2.804 3.241 8.567 3.716 2.971 2.8 2.072 3.558 11.555 3.791 3.667 2.205 3.357 3.3 4.781 2.459 2.775 5.615 10.05 7.091 1.429 2.447 6.401 3.301 3.373 3.857 0.66 2.155 7.318 4.911 6.786 10.475 2.822 7.96 2.779 2.706 6.897 3.083 7.002 2.517 2.13 1.317 0.992 2.175 2.458 7.098 0 4.108 3.852 3.852 0.996 5.163 0.875 4.382 2.526 3.183 7.146 2.113 2.488 7.771 0.376 2.672 2.836 2.502 2.749 2.849 3.559 3.288 4.293 1.761 1.149 2.731 4.458 5.143 7.051 7.061 4.448 19.537 0.946 2.358 0.238 3.854 6.831 
4.115 2.012 2.781 1.265 4.838 1.083 1.976 5.323 3.229 1.987 1.61 1.288 2.794 2.276 2.87 9.209 1.394 1.362 3.135 2.159 2.857 5.603 1.472 1.345 2.292 2.656 2.156 1.869 2.487 2.052 1.233 4.098 7.733 2.735 1.75 7.043 2.157 2.229 2.691 3.428 2.242 7.96 1.498 7.428 3.375 3.157 8.602 1.571 3.041 7.539 1.949 7.644 2.183 2.217 2.95 2.898 2.116 3.1 7.74 3.742 0 4.494 4.494 2.8 1.75 3.235 0.554 2.543 2.461 7.788 2.2 2.435 8.413 3.88 2.689 2.308 2.529 1.531 1.703 2.426 2.541 1.929 1.98 2.916 2.748 0.355 1.73 3.352 7.703 5.09 15.838 3.714 2.445 3.813 4.496 7.473 
9.695 4.907 4.539 4.917 0.339 4.735 4.871 1.027 8.555 4.918 5.032 7.297 4.552 3.591 3.408 4.913 4.601 4.72 2.863 3.863 3.725 11.183 4.679 4.48 3.578 3.524 4.164 4.764 3.362 3.857 7.242 9.678 3.437 4.493 4.196 2.747 4.165 4.237 3.676 2.799 3.533 3.664 6.538 3.132 8.955 2.885 4.306 4.757 3 3.243 3.947 3.348 3.52 3.981 4.704 4.656 4.087 3.827 3.444 5.5 5.621 0 0 4.558 6.79 2.569 6.009 3.427 4.007 3.492 3.904 3.39 4.117 5.638 3.112 3.623 3.147 4.717 3.972 3.792 3.91 4.824 3.895 4.674 2.943 6.085 6.77 8.678 3.407 0.794 21.164 2.513 3.36 5.571 0.2 3.177 
9.695 4.907 4.539 4.917 0.339 4.735 4.871 1.027 8.555 4.918 5.032 7.297 4.552 3.591 3.408 4.913 4.601 4.72 2.863 3.863 3.725 11.183 4.679 4.48 3.578 3.524 4.164 4.764 3.362 3.857 7.242 9.678 3.437 4.493 4.196 2.747 4.165 4.237 3.676 2.799 3.533 3.664 6.538 3.132 8.955 2.885 4.306 4.757 3 3.243 3.947 3.348 3.52 3.981 4.704 4.656 4.087 3.827 3.444 5.5 5.621 0 0 4.558 6.79 2.569 6.009 3.427 4.007 3.492 3.904 3.39 4.117 5.638 3.112 3.623 3.147 4.717 3.972 3.792 3.91 4.824 3.895 4.674 2.943 6.085 6.77 8.678 3.407 0.794 21.164 2.513 3.36 5.571 0.2 3.177 
7.126 3.434 0.325 2.645 3.254 2.908 3.398 3.739 5.986 3.07 3.559 4.728 0.338 1.862 2.299 7.625 2.774 2.029 1.858 1.13 2.616 8.614 2.849 2.725 1.263 2.415 2.358 3.839 1.517 1.833 4.673 7.109 6.149 0.487 1.505 5.459 2.359 2.431 2.915 0.505 1.213 6.376 3.969 5.844 6.386 1.88 7.018 1.837 1.764 5.955 2.141 6.06 1.575 1.188 0.32 0.097 1.233 1.516 6.156 0.996 3.166 2.91 2.91 0 4.221 0.394 3.44 1.584 2.241 6.204 1.171 1.546 6.829 1.134 1.73 1.894 1.56 1.807 1.907 2.617 2.346 3.351 0.819 0.152 1.789 3.516 4.201 6.109 6.119 3.506 18.595 0.791 1.416 1.067 2.912 5.889 
3.194 3.192 3.622 2.403 6.294 2.666 3.156 6.779 2.054 2.828 3.317 0.796 3.635 3.117 3.711 10.665 2.532 1.965 3.976 3 3.698 4.682 2.61 2.483 3.133 3.497 2.997 3.597 3.328 2.893 0.741 3.177 9.189 3.576 2.591 8.499 2.998 3.07 3.532 4.269 3.083 9.416 0.314 8.884 2.454 3.998 10.058 2.412 3.882 8.995 2.79 9.1 3.024 3.058 3.791 3.739 2.957 3.941 9.196 4.583 1.487 5.95 5.95 3.641 0 4.076 1.314 3.384 3.302 9.244 3.041 3.276 9.869 4.721 3.53 3.149 3.37 2.173 2.544 3.267 3.382 3.109 2.821 3.757 3.589 1.39 0.269 2.177 9.159 6.546 14.663 4.555 3.286 4.654 5.952 8.929 
7.561 3.869 0.487 3.08 3.424 3.343 3.833 3.909 6.421 3.505 3.994 5.163 0.508 2.297 2.734 7.795 3.209 2.464 2.028 1.565 3.051 9.049 3.284 3.16 1.698 2.85 2.793 4.274 1.952 2.268 5.108 7.544 6.319 0.657 1.94 5.629 2.794 2.866 3.35 0.251 1.648 6.546 4.404 6.014 6.821 2.05 7.188 2.272 1.934 6.125 2.576 6.23 2.01 1.623 0.472 0.295 1.668 1.686 6.326 0.875 3.601 3.08 3.08 0.489 4.656 0 3.875 2.019 2.676 6.374 1.606 1.981 6.999 1.013 2.165 2.329 1.995 2.242 2.342 3.052 2.781 3.786 1.254 0.304 1.602 3.951 4.636 6.544 6.289 3.676 19.03 0.398 1.851 0.946 3.082 6.059 
3.879 2.502 2.904 1.376 4.961 1.573 2.466 5.446 3.189 2.11 2.1 1.052 2.917 2.399 2.993 9.332 1.505 1.485 3.258 2.282 2.98 5.367 1.583 1.456 2.415 2.779 2.279 2.359 2.61 2.175 0.997 3.862 7.856 2.858 1.873 7.166 2.28 2.352 2.814 3.551 2.365 8.083 1.172 7.551 3.139 3.28 8.725 1.694 3.164 7.662 2.072 7.767 2.306 2.34 3.073 3.021 2.239 3.223 7.863 3.865 0.548 4.617 4.617 2.923 1.424 3.358 0 2.666 2.584 7.911 2.323 2.558 8.536 4.003 2.812 2.431 2.652 1.654 1.826 2.549 2.664 2.419 2.103 3.039 2.871 0.532 1.404 3.312 7.826 5.213 15.798 3.837 2.568 3.936 4.619 7.596 
6.86 3.168 1.554 2.379 2.733 2.642 3.132 3.218 5.72 2.804 3.293 4.462 1.567 1.354 2.108 7.104 2.508 1.763 1.049 0.878 2.425 8.348 2.583 2.459 0.596 2.224 1.927 3.464 0.867 1.363 4.407 6.843 5.628 1.508 1.239 4.938 1.928 2 2.376 2.201 0.563 5.855 3.703 5.323 6.12 1.071 6.497 1.8 0.955 5.434 1.71 5.539 0.909 1.002 1.723 1.671 1.102 0.995 5.635 2.515 2.9 2.389 2.389 1.573 3.955 2.008 3.174 0 1.77 5.683 0.919 0.896 6.308 2.653 0.603 1.386 0.91 1.76 1.478 2.186 1.838 3.085 0.91 1.689 0.204 3.25 3.935 5.843 5.598 2.985 18.329 2.174 0.39 2.586 2.391 5.368 
6.18 1.763 2.306 1.402 3.205 1.22 1.727 3.69 5.04 1.399 1.888 3.782 2.319 0.347 0.738 7.576 1.086 1.235 1.425 1.684 0.878 7.668 1.164 0.965 1.817 0.677 0.184 2.168 1.245 0.342 3.727 6.163 6.1 2.26 1.146 5.41 0.185 0.722 1.206 2.953 1.403 6.327 3.023 5.795 5.44 1.447 6.969 1.444 1.331 5.906 0.432 6.011 0.938 1.378 2.475 2.423 1.641 2.389 6.107 3.267 2.106 2.861 2.861 2.325 3.275 2.76 2.494 1.298 0 6.155 1.725 0.807 6.78 3.405 1.324 0.338 0.819 1.404 0.457 0.908 0.562 1.68 1.505 2.441 1.505 2.57 3.255 5.163 6.07 3.457 17.649 3.239 1.689 3.338 2.863 5.84 
12.003 7.215 6.847 7.225 3.572 7.043 7.179 4.057 10.863 7.226 7.34 9.605 6.86 5.899 5.716 1.716 6.909 7.028 5.171 6.171 6.033 13.491 6.987 6.788 5.886 5.832 6.472 7.072 5.67 6.165 9.55 11.986 0.954 6.801 6.504 4.83 6.473 6.545 5.984 7.494 5.841 1.664 8.846 0.795 11.263 5.193 1.037 7.065 5.308 0.431 6.255 0.865 5.828 6.289 7.012 6.964 6.395 6.135 0.629 7.808 7.929 3.701 3.701 6.866 9.098 7.301 8.317 5.735 6.315 0 6.212 5.698 0.852 7.946 5.42 5.931 5.455 7.025 6.28 6.1 6.218 7.132 6.203 6.982 5.251 8.393 9.078 10.986 0.138 3.824 23.472 7.314 5.668 7.879 5.53 0.84 
6.625 2.933 1.184 2.144 2.769 2.407 2.897 3.254 5.485 2.569 3.058 4.227 1.197 1.361 2.144 7.14 2.273 1.528 1.373 0.508 2.461 8.113 2.348 2.224 0.223 2.26 1.857 3.338 0.955 1.332 4.172 6.608 5.664 1.138 1.004 4.974 1.858 1.93 2.412 1.831 0.651 5.891 3.468 5.359 5.885 1.395 6.533 1.565 1.279 5.47 1.64 5.575 0.997 0.626 1.353 1.301 0.732 1.031 5.671 2.145 2.665 2.425 2.425 1.203 3.72 1.638 2.939 0.544 1.74 5.719 0 0.984 6.344 2.283 0.69 1.393 0.998 1.525 1.406 2.116 1.845 2.85 0.54 1.319 0.749 3.015 3.7 5.608 5.634 3.021 18.094 2.21 0.376 2.216 2.427 5.404 
6.426 2.143 1.586 1.945 2.864 1.6 2.107 3.349 5.286 1.779 2.268 4.028 1.599 0.456 0.893 7.235 1.466 1.329 1.082 0.91 1.21 7.914 1.544 1.345 1.087 1.009 1.029 2.249 0.434 0.465 3.973 6.409 5.759 1.54 0.805 5.069 1.03 1.102 1.586 2.233 0.595 5.986 3.269 5.454 5.686 1.104 6.628 1.366 0.988 5.565 0.812 5.67 0.13 0.57 1.755 1.703 0.67 1.486 5.766 2.547 2.466 2.52 2.52 1.605 3.521 2.04 2.74 0.49 0.872 5.814 0.951 0 6.439 2.685 0.636 0.488 0.476 1.326 0.58 1.288 0.942 2.06 0.942 1.721 0.695 2.816 3.501 5.409 5.729 3.116 17.895 2.519 0.881 2.618 2.522 5.499 
12.064 7.276 6.908 7.286 3.633 7.104 7.24 4.118 10.924 7.287 7.401 9.666 6.921 5.96 5.777 1.335 6.97 7.089 5.232 6.232 6.094 13.552 7.048 6.849 5.947 5.893 6.533 7.133 5.731 6.226 9.611 12.047 1.161 6.862 6.565 4.891 6.534 6.606 6.045 7.555 5.902 1.283 8.907 0.856 11.324 5.254 1.548 7.126 5.369 0.967 6.316 1.072 5.889 6.35 7.073 7.025 6.456 6.196 0.69 7.869 7.99 3.762 3.762 6.927 9.159 7.362 8.378 5.796 6.376 0.51 6.273 5.759 0 8.007 5.481 5.992 5.516 7.086 6.341 6.161 6.279 7.193 6.264 7.043 5.312 8.454 9.139 11.047 0.649 3.885 23.533 7.375 5.729 7.94 5.591 0.901 
9.813 4.514 1.405 3.725 4.334 3.988 4.478 4.819 7.066 4.15 4.639 5.808 1.418 2.942 3.379 8.705 3.854 3.109 2.938 2.21 3.696 11.301 3.929 3.805 2.343 3.495 3.438 4.919 2.597 2.913 5.753 9.796 7.229 1.567 2.585 6.539 3.439 3.511 3.995 0.798 2.293 7.456 5.049 6.924 10.221 2.96 8.098 2.917 2.844 7.035 3.221 7.14 2.655 2.268 1.455 1.13 2.313 2.596 7.236 0.376 4.246 3.99 3.99 1.134 5.301 1.013 4.52 2.664 3.321 7.284 2.251 2.626 7.909 0 2.81 2.974 2.64 2.887 2.987 3.697 3.426 4.431 1.899 1.287 2.869 4.596 5.281 7.189 7.199 4.586 21.504 1.084 2.496 0.137 3.992 6.969 
6.717 2.436 1.411 2.236 2.569 1.893 2.4 3.054 5.577 2.072 2.561 4.319 1.424 0.749 1.186 6.94 1.759 1.62 0.787 0.735 1.503 8.205 1.837 1.638 0.912 1.302 1.322 2.542 0.262 0.756 4.264 6.7 5.464 1.365 1.096 4.774 1.323 1.395 1.879 2.058 0.42 5.691 3.56 5.159 5.977 0.809 6.333 1.657 0.693 5.27 1.105 5.375 0.421 0.859 1.58 1.528 0.959 1.311 5.471 2.372 2.757 2.225 2.225 1.43 3.812 1.865 3.031 0.315 1.165 5.519 0.776 0.291 6.144 2.51 0 0.781 0.305 1.617 0.871 1.581 1.235 2.353 0.767 1.546 0.52 3.107 3.792 5.7 5.434 2.821 18.186 2.344 0.706 2.443 2.227 5.204 
6.448 1.909 1.987 1.548 2.863 1.366 1.873 3.348 5.308 1.545 2.034 4.05 2 0.031 0.404 7.234 1.232 1.351 1.106 1.365 0.721 7.936 1.31 1.111 1.498 0.52 0.537 1.76 0.923 0.488 3.995 6.431 5.758 1.941 0.827 5.068 0.538 0.613 0.672 2.634 1.084 5.985 3.291 5.453 5.708 1.128 6.627 1.388 1.012 5.564 0.578 5.669 0.619 1.059 2.156 2.104 1.322 1.975 5.765 2.948 2.252 2.519 2.519 2.006 3.543 2.441 2.762 0.979 0.381 5.813 1.406 0.488 6.438 3.086 1.005 0 0.5 1.348 0.603 0.799 0.451 1.826 1.186 2.122 1.184 2.838 3.523 5.431 5.728 3.115 17.917 2.92 1.37 3.019 2.521 5.498 
6.548 2.131 2.209 1.77 2.389 1.588 2.095 2.874 5.408 1.767 2.256 4.15 2.222 0.444 0.881 6.76 1.454 1.573 0.755 1.153 1.198 8.036 1.532 1.333 1.33 0.997 1.017 2.237 0.575 0.71 4.095 6.531 5.284 2.163 1.049 4.594 1.018 1.09 1.574 2.856 0.838 5.511 3.391 4.979 5.808 0.777 6.153 1.61 0.661 5.09 0.8 5.195 0.373 0.813 2.378 2.326 0.913 1.719 5.291 3.17 2.474 2.045 2.045 2.228 3.643 2.663 2.862 0.733 0.86 5.339 1.194 0.243 5.964 3.308 0.654 0.476 0 1.57 0.825 1.276 0.93 2.048 1.185 2.344 0.835 2.938 3.623 5.531 5.254 2.641 18.017 2.898 1.124 3.241 2.047 5.024 
5.494 2.307 1.45 1.518 3.507 1.781 2.271 3.992 4.354 1.943 2.432 3.096 1.463 0.977 1.414 7.878 1.647 0.207 1.837 0.828 1.731 6.982 1.722 1.598 0.961 1.53 1.231 2.712 1.188 0.747 3.041 5.477 6.402 1.404 0.419 5.712 1.232 1.304 1.788 2.097 0.911 6.629 2.175 6.097 4.754 1.859 7.271 0.244 1.743 6.208 1.014 6.313 0.884 0.886 1.619 1.567 0.785 1.769 6.409 2.411 1.981 3.163 3.163 1.469 2.589 1.904 1.808 1.244 1.155 6.457 0.869 1.136 7.082 2.549 1.39 1.009 1.231 0 0.78 1.49 1.225 2.224 0.649 1.585 1.449 1.884 2.569 4.477 6.372 3.759 16.963 2.383 1.114 2.482 3.165 6.142 
5.722 1.565 2.313 1.241 3.214 1.022 1.529 3.699 4.582 1.201 1.69 3.324 2.326 0.613 1.187 7.585 0.888 1.241 1.432 1.691 1.141 7.21 0.966 0.767 1.824 0.94 0.451 1.97 1.252 0.349 3.269 5.705 6.109 2.267 1.153 5.419 0.452 0.524 1.008 2.96 1.41 6.336 2.565 5.804 4.982 1.454 6.978 1.45 1.338 5.915 0.234 6.02 0.945 1.385 2.482 2.43 1.485 2.396 6.116 3.274 1.762 2.87 2.87 2.332 2.817 2.767 2.036 1.305 0.758 6.164 1.732 0.814 6.789 3.412 1.331 0.604 0.826 1.41 0 0.71 0.825 1.482 1.512 2.448 1.512 2.112 2.797 4.705 6.079 3.466 17.191 3.246 1.696 3.345 2.872 5.849 
6.872 1.253 3.023 2.251 3.06 1.47 1.217 3.545 5.732 1.174 1.378 4.474 3.036 1.014 0.477 7.431 1.336 1.949 1.758 2.13 0.635 8.36 1.528 1.215 2.473 0.416 0.9 1.11 1.657 1.059 4.419 6.855 5.955 2.977 1.863 5.265 0.901 0.511 0.298 3.67 1.815 6.182 3.715 5.65 6.132 1.78 6.824 2.158 1.895 5.761 0.944 5.866 1.416 1.856 3.192 3.14 1.956 2.722 5.962 3.984 2.772 2.716 2.716 3.042 3.967 3.477 3.186 1.71 0.743 6.01 2.171 1.286 6.635 4.122 1.736 0.982 1.442 2.118 1.174 0 0.532 1.17 2.222 3.158 1.838 3.262 3.947 5.855 5.925 3.312 18.341 3.901 2.255 4.055 2.718 5.695 
6.899 1.498 2.438 1.999 2.643 1.817 1.462 3.128 5.759 1.522 1.623 4.501 2.451 0.482 0.176 7.014 1.683 1.802 1.341 1.816 0.316 8.387 1.761 1.562 2.056 0.115 0.781 1.355 1.24 0.939 4.446 6.882 5.538 2.392 1.278 4.848 0.782 0.857 0.267 3.085 1.398 5.765 3.742 5.233 6.159 1.363 6.407 1.839 1.478 5.344 1.029 5.449 1.07 1.51 2.607 2.555 1.773 2.305 5.545 3.399 2.703 2.299 2.299 2.457 3.994 2.892 3.213 1.293 0.625 5.593 1.857 0.939 6.218 3.537 1.319 0.45 0.951 1.799 1.054 0.383 0 1.415 1.637 2.573 1.421 3.289 3.974 5.882 5.508 2.895 18.368 3.371 1.838 3.47 2.301 5.278 
5.665 0.083 3.594 0.876 4.029 0.694 0.047 4.514 5.121 1.121 0.208 2.838 3.607 1.601 1.446 8.4 1.005 2.175 2.727 2.972 1.433 7.153 0.917 1.063 3.105 1.385 1.438 0.467 2.565 1.597 2.783 5.648 6.924 3.548 2.469 6.234 1.439 1.049 1.267 4.241 2.726 7.151 3.104 6.619 4.925 2.749 7.793 2.384 2.864 6.73 1.482 6.835 2.261 2.701 3.763 3.711 2.801 3.617 6.931 4.555 1.58 3.685 3.685 3.613 3.356 4.048 2.006 2.621 1.281 6.979 3.013 2.062 7.604 4.693 2.767 1.569 2.074 2.344 1.781 1.002 1.117 0 2.793 3.729 2.826 1.807 3.336 5.244 6.894 4.281 17.73 4.527 3.012 4.626 3.687 6.664 
6.306 2.614 0.8 1.825 2.989 2.088 2.578 3.474 5.166 2.25 2.739 3.908 0.813 1.042 1.479 7.36 1.954 1.209 1.593 0.31 1.796 7.794 2.029 1.905 0.443 1.595 1.538 3.019 0.697 1.013 3.853 6.289 5.884 0.754 0.685 5.194 1.539 1.611 2.095 1.447 0.393 6.111 3.149 5.579 5.566 1.615 6.753 1.246 1.499 5.69 1.321 5.795 0.755 0.368 0.969 0.917 0.413 1.251 5.891 1.761 2.346 2.645 2.645 0.819 3.401 1.254 2.62 0.764 1.421 5.939 0.351 0.726 6.564 1.899 0.91 1.074 0.74 1.282 1.087 1.797 1.526 2.531 0 0.935 0.969 2.696 3.381 5.289 5.854 3.241 17.775 1.733 0.596 1.832 2.647 5.624 
7.279 3.587 0.183 2.798 3.112 3.061 3.551 3.597 6.139 3.223 3.712 4.881 0.196 2.015 2.487 7.483 2.927 2.182 1.716 1.283 2.804 8.767 3.002 2.878 1.002 2.603 2.511 3.992 1.67 1.986 4.826 7.262 6.007 0.345 1.658 5.317 2.512 2.584 3.068 0.555 1.366 6.234 4.122 5.702 6.539 1.738 6.876 1.99 1.622 5.813 2.294 5.918 1.728 1.341 0.168 0.183 1.386 1.374 6.014 1.149 3.319 2.768 2.768 0.152 4.374 0.304 3.593 1.323 2.394 6.062 1.324 1.699 6.687 1.287 1.469 2.047 1.713 1.96 2.06 2.77 2.499 3.504 0.972 0 1.266 3.669 4.354 6.262 5.977 3.364 18.748 0.644 1.155 1.22 2.77 5.747 
6.887 3.195 1.596 2.406 2.622 2.669 3.159 3.107 5.747 2.831 3.32 4.489 1.609 1.381 1.997 6.993 2.535 1.79 1.076 0.92 2.314 8.375 2.61 2.486 0.635 2.113 1.954 3.353 0.894 1.39 4.434 6.87 5.517 1.55 1.266 4.827 1.955 2.027 2.265 2.243 0.59 5.744 3.73 5.212 6.147 1.098 6.386 1.827 0.982 5.323 1.737 5.428 0.936 1.038 1.761 1.713 1.144 0.884 5.524 2.557 2.927 2.278 2.278 1.615 3.982 2.05 3.201 0.484 1.797 5.572 0.961 0.923 6.197 2.695 0.63 1.413 0.937 1.787 1.505 2.213 1.865 3.112 0.952 1.731 0 3.277 3.962 5.87 5.487 2.874 18.356 2.063 0.417 2.628 2.28 5.257 
3.759 2.382 3.21 1.635 5.861 1.453 2.346 6.346 2.873 2.881 1.98 0.932 3.223 2.705 3.278 10.232 1.764 1.791 3.564 2.588 3.286 5.247 1.842 1.715 2.721 3.217 2.585 2.239 2.916 2.481 0.877 3.742 8.756 3.164 2.179 8.066 2.586 2.658 3.099 3.857 2.671 8.983 1.411 8.451 3.019 3.586 9.625 2 3.47 8.562 2.378 8.667 2.612 2.646 3.379 3.327 2.545 3.529 8.763 4.171 0.428 5.517 5.517 3.229 1.663 3.664 0.198 2.972 2.89 8.811 2.629 2.864 9.436 4.309 3.118 2.737 2.958 1.96 2.132 2.855 2.97 2.299 2.409 3.345 3.177 0 1.07 2.996 8.726 6.113 15.482 4.143 2.874 4.242 5.519 8.496 
2.924 3.189 3.847 2.442 6.519 2.26 3.153 7.004 2.038 3.053 2.787 0.526 3.86 3.342 3.936 10.89 2.571 2.19 4.201 3.225 3.923 4.412 2.649 2.522 3.358 3.722 3.222 3.046 3.553 3.118 0.471 2.907 9.414 3.801 2.816 8.724 3.223 3.295 3.757 4.494 3.308 9.641 0.539 9.109 2.184 4.223 10.283 2.637 4.107 9.22 3.015 9.325 3.249 3.283 4.016 3.964 3.182 4.166 9.421 4.808 1.235 6.175 6.175 3.866 0.408 4.301 1.038 3.609 3.527 9.469 3.266 3.501 10.094 4.946 3.755 3.374 3.595 2.398 2.769 3.492 3.607 3.106 3.046 3.982 3.814 1.219 0 2.161 9.384 6.771 14.647 4.78 3.511 4.879 6.177 9.154 
1.489 6.601 7.318 5.854 9.99 5.672 6.565 10.475 4.411 6.524 6.199 3.938 7.331 6.813 7.407 13.651 5.983 5.661 7.672 6.696 7.394 2.977 6.061 5.934 6.829 7.193 6.693 6.458 7.024 6.589 3.883 1.472 12.885 7.272 6.287 12.195 6.694 6.766 7.228 7.965 6.779 13.112 4.01 12.58 1.897 7.694 13.754 6.108 7.578 12.691 6.486 12.796 6.72 6.754 7.487 7.435 6.653 7.637 12.892 8.279 4.647 9.646 9.646 7.337 3.539 7.772 4.45 7.08 6.998 12.94 6.737 6.972 13.565 10.034 7.226 6.845 7.066 5.869 6.24 6.963 7.078 6.518 6.517 7.453 7.285 4.631 3.47 0 12.855 10.242 12.485 8.251 6.982 8.35 9.648 12.625 
11.864 7.076 6.708 7.086 3.433 6.904 7.04 3.918 10.724 7.087 7.201 9.466 6.721 5.76 5.577 1.577 6.77 6.889 5.032 6.032 5.894 13.352 6.848 6.649 5.747 5.693 6.333 6.933 5.531 6.026 9.411 11.847 0.815 6.662 6.365 4.691 6.334 6.406 5.845 7.355 5.702 1.525 8.707 0.656 11.124 5.054 0.898 6.926 5.169 0.767 6.116 0.726 5.689 6.15 6.873 6.825 6.256 5.996 0.49 7.669 7.79 3.562 3.562 6.727 8.959 7.162 8.178 5.596 6.176 0.31 6.073 5.559 0.713 7.807 5.281 5.792 5.316 6.886 6.141 5.961 6.079 6.993 6.064 6.843 5.112 8.254 8.939 10.847 0 3.685 23.333 7.175 5.529 7.74 5.391 0.701 
9.102 4.314 3.946 4.324 0.671 4.142 4.278 0.232 7.962 4.325 4.439 6.704 3.959 2.998 2.815 4.165 4.008 4.127 2.27 3.27 3.132 10.59 4.086 3.887 2.985 2.931 3.571 4.171 2.769 3.264 6.649 9.085 2.689 3.9 3.603 1.999 3.572 3.644 3.083 4.593 2.94 2.916 5.945 2.384 8.362 2.292 3.558 4.164 2.407 2.495 3.354 2.6 2.927 3.388 4.111 4.063 3.494 3.234 2.696 4.907 5.028 0.8 0.8 3.965 6.197 4.4 5.416 2.834 3.414 2.744 3.311 2.797 3.369 5.045 2.519 3.03 2.554 4.124 3.379 3.199 3.317 4.231 3.302 4.081 2.35 5.492 6.177 8.085 2.659 0 20.571 4.413 2.767 4.978 2.629 2.429 
6.025 7.329 8.046 6.582 10.718 6.4 7.293 11.203 5.139 7.252 6.927 4.666 8.059 7.541 8.135 15.089 6.711 6.389 8.4 7.424 8.122 7.513 6.789 6.662 7.557 7.921 7.421 7.186 7.752 7.317 4.611 6.008 13.613 8 7.015 12.923 7.422 7.494 7.956 8.693 7.507 13.84 4.738 13.308 5.285 8.422 14.482 6.836 8.306 13.419 7.214 13.524 7.448 7.482 8.215 8.163 7.381 8.365 13.62 9.007 5.375 10.374 10.374 8.065 4.267 8.5 5.178 7.808 7.726 13.668 7.465 7.7 14.293 9.145 7.954 7.573 7.794 6.597 6.968 7.691 7.806 7.246 7.245 8.181 8.013 5.359 4.198 5.262 13.583 10.97 0 8.979 7.71 9.078 10.376 13.353 
10.775 4.348 0.679 3.559 3.41 3.822 4.312 3.895 6.9 3.984 4.473 5.642 0.692 2.776 2.785 7.781 3.688 2.943 2.014 2.044 3.102 12.263 3.763 3.639 1.326 2.901 3.272 4.141 2.431 2.747 5.587 10.758 6.305 0.669 2.419 5.615 3.273 3.345 3.053 0.285 2.127 6.532 4.883 6 7.3 2.036 7.174 2.751 1.92 6.111 3.055 6.216 2.489 2.102 0.506 0.693 2.147 1.698 6.312 0.946 4.08 3.066 3.066 0.968 5.135 0.398 4.354 1.647 3.155 6.36 2.085 2.324 6.985 1.084 2.032 2.808 2.081 2.721 2.821 3.531 3.26 4.265 1.733 0.702 1.564 4.43 5.115 7.023 6.275 3.662 19.509 0 1.479 1.017 3.068 6.045 
6.57 2.878 1.264 2.089 2.541 2.352 2.842 3.026 5.43 2.514 3.003 4.172 1.277 1.064 1.501 6.912 2.218 1.473 0.759 0.588 1.818 8.058 2.293 2.169 0.721 1.617 1.637 3.283 0.577 1.073 4.117 6.553 5.436 1.218 0.949 4.746 1.638 1.71 2.194 1.911 0.273 5.663 3.413 5.131 5.83 0.781 6.305 1.51 0.665 5.242 1.42 5.347 0.619 0.712 1.433 1.381 0.812 1.163 5.443 2.225 2.61 2.197 2.197 1.283 3.665 1.718 2.884 0.167 1.48 5.491 0.629 0.606 6.116 2.363 0.313 1.096 0.62 1.47 1.188 1.896 1.548 2.795 0.62 1.399 0.372 2.96 3.645 5.553 5.406 2.793 18.039 2.197 0 2.296 2.199 5.176 
9.828 4.382 1.273 3.593 4.202 3.856 4.346 4.687 6.934 4.018 4.507 5.676 1.286 2.81 3.247 7.212 3.722 2.977 2.806 2.078 3.564 11.316 3.797 3.673 2.211 3.363 3.306 4.787 2.465 2.781 5.621 9.811 7.097 1.435 2.453 6.407 3.307 3.379 3.863 0.666 2.161 7.324 4.917 6.792 10.236 2.828 7.966 2.785 2.712 6.903 3.089 7.008 2.523 2.136 1.323 0.998 2.181 2.464 7.104 0.238 4.114 3.858 3.858 1.002 5.169 0.881 4.388 2.532 3.189 7.152 2.119 2.494 7.777 0.137 2.678 2.842 2.508 2.755 2.855 3.565 3.294 4.299 1.767 1.155 2.737 4.464 5.149 7.057 7.067 4.454 21.519 0.952 2.364 0 3.86 6.837 
9.494 4.706 4.338 4.716 0.341 4.534 4.67 0.826 8.354 4.717 4.831 7.096 4.351 3.39 3.207 4.712 4.4 4.519 2.662 3.662 3.524 10.982 4.478 4.279 3.377 3.323 3.963 4.563 3.161 3.656 7.041 9.477 3.236 4.292 3.995 2.546 3.964 4.036 3.475 4.985 3.332 3.463 6.337 2.931 8.754 2.684 4.105 4.556 2.799 3.042 3.746 3.147 3.319 3.78 4.503 4.455 3.886 3.626 3.243 5.299 5.42 0.47 0.47 4.357 6.589 4.792 5.808 3.226 3.806 3.291 3.703 3.189 3.916 5.437 2.911 3.422 2.946 4.516 3.771 3.591 3.709 4.623 3.694 4.473 2.742 5.884 6.569 8.477 3.206 0.593 20.963 2.517 3.159 5.37 0 2.976 
11.774 6.986 6.618 6.996 3.343 6.814 6.95 3.828 10.634 6.997 7.111 9.376 6.631 5.67 5.487 2 6.68 6.799 4.942 5.942 5.804 13.262 6.758 6.559 5.657 5.603 6.243 6.843 5.441 5.936 9.321 11.757 0.259 6.572 6.275 4.601 6.244 6.316 5.755 7.265 5.612 1.568 8.617 0.629 11.034 4.964 1.325 6.836 5.079 0.262 6.026 0.17 5.599 6.06 6.783 6.735 6.166 5.906 0.463 7.579 7.7 3.472 3.472 6.637 8.869 7.072 8.088 5.506 6.086 0.511 5.983 5.469 1.136 7.717 5.191 5.702 5.226 6.796 6.051 5.871 5.989 6.903 5.974 6.753 5.022 8.164 8.849 10.757 0.426 3.595 23.243 7.085 5.439 7.65 5.301 0 
