/* # customers */
50
/* # parking sites */
20
/* # clusters [considering cluster 0 for the depot]*/
20
/* # Trucks */
4
/* Truck capacity [kg] */
5000
/* working shift [min] */
540
/* Service time [min] */
12
/* # Service days */
6
/* # Delivery patterns */
11
/* Description of depot: [id] [coordenate x] [coordenate y] */
0	-33.049	-71.5088
/* Description of customers: [id] [coordenate x] [coordenate y] [required frequency] [demand kg] */
1	-33.0246	-71.5481	6	15958
2	-33.0246	-71.5481	6	2587
3	-33.0242	-71.5576	4	1978
4	-33.0252	-71.5482	4	1121
9	-33.0079	-71.5392	1	344
10	-33.0208	-71.5567	2	330
12	-33.0234	-71.5513	3	309
13	-32.9959	-71.5462	2	308
14	-33.025	-71.5511	2	305
15	-33.0241	-71.5579	4	290
16	-32.9917	-71.5445	2	284
17	-33.0434	-71.5167	2	255
21	-33.0329	-71.5365	1	212
22	-33.0207	-71.5223	2	194
23	-33.008	-71.5395	2	190
27	-33.0151	-71.5511	3	172
28	-33.0149	-71.5555	1	167
29	-32.9661	-71.5297	3	154
35	-33.0193	-71.5428	2	132
36	-33.0087	-71.5477	3	127
37	-33.0118	-71.5413	2	127
38	-33.0169	-71.558	2	124
39	-33.029	-71.5124	2	111
43	-33.0115	-71.5428	2	107
44	-33.0154	-71.5564	2	107
45	-33.0164	-71.5517	1	96
48	-33.0123	-71.549	2	94
50	-33.0176	-71.5492	1	89
54	-33.0484	-71.5083	3	86
55	-32.9703	-71.5446	2	85
59	-33.0178	-71.5462	1	74
60	-32.99	-71.5438	2	74
64	-33.0174	-71.5543	2	71
67	-33.0165	-71.5567	3	66
70	-33.0038	-71.5354	1	63
72	-33.0119	-71.544	2	63
73	-32.9727	-71.5365	1	62
80	-33.0451	-71.5151	1	57
81	-33.0088	-71.5478	2	54
87	-33.0178	-71.5417	2	47
90	-33.0019	-71.5415	2	46
100	-33.0121	-71.5441	2	42
110	-33.0157	-71.5447	2	32
119	-33.0065	-71.5303	1	26
121	-32.9975	-71.5464	3	25
122	-32.9975	-71.5464	2	24
131	-32.9721	-71.5415	1	22
136	-33.0115	-71.5411	1	22
141	-32.9714	-71.538	1	21
142	-33.0061	-71.5278	1	21
/* Description of parking sites: [id] [coordenate x] [coordenate y] */
147	-33.0122	-71.5494
148	-33.0176	-71.5424
149	-33.0203	-71.5562
150	-33.0232	-71.5452
151	-33.0186	-71.5494
152	-33.0176	-71.5568
153	-33.0157	-71.5552
155	-33.0242	-71.5585
157	-33.013	-71.5417
158	-33.0073	-71.5382
160	-33.0289	-71.5402
162	-33.0442	-71.5146
163	-33.0288	-71.5152
165	-33.0239	-71.5137
166	-32.9713	-71.5406
167	-32.991	-71.5468
172	-33.0029	-71.5382
174	-33.006	-71.5293
175	-32.9963	-71.5477
176	-32.9711	-71.5439
/* Matrix of clusters for parking sites [first of each row correspond to the cluster id]*/
0	0	-1
1	162	-1
3	163	-1
4	165	-1
5	160	-1
6	150	-1
7	155	-1
8	149	-1
10	152	153	-1
11	151	-1
12	148	-1
13	157	-1
14	147	-1
15	158	-1
16	172	-1
17	174	-1
18	175	-1
19	167	-1
20	176	-1
21	166	-1
/* Matrix of clusters for customer locations [first of each row correspond to the cluster id]*/
0	0	-1
1	17	54	80	-1
3	39	-1
4	22	-1
5	21	-1
6	1	2	4	-1
7	3	12	14	15	-1
8	10	-1
10	28	38	44	64	67	-1
11	27	45	50	-1
12	35	59	87	110	-1
13	37	43	72	100	136	-1
14	36	48	81	-1
15	9	23	-1
16	70	90	-1
17	119	142	-1
18	13	121	122	-1
19	16	60	-1
20	55	131	-1
21	29	73	141	-1
/* Matrix of service patterns [delivery patterns] x [service days] */
1	0	0	0	0	0	
0	0	1	0	0	0	
0	1	0	1	0	0	
1	0	1	0	0	0	
1	0	1	0	1	0	
0	1	0	1	0	1	
1	0	1	0	1	1	
0	1	0	1	1	1	
1	1	0	1	1	1	
0	1	1	1	1	1	
1	1	1	1	1	1	
/* Transportation matrix [km] ([all nodes] x [all nodes]) */
0 10 10 12 10 13 12 11 17 10 12 19 6 8 15 13 12 13 25 10 14 12 14 16 12 13 12 13 12 0 21 11 24 12 13 14 12 21 1 14 11 16 12 12 15 17 17 22 12 24 16 12 11 11 9 11 12 12 12 11 13 8 6 14 14 21 17 15 15 16 20 
10 0 0 3 2 6 4 1 10 2 3 11 7 6 9 6 5 5 18 3 6 5 6 13 5 6 4 6 4 10 13 4 16 4 5 7 5 14 9 6 4 9 5 4 8 9 9 14 5 16 8 5 4 3 1 4 4 5 2 4 6 3 7 11 12 13 10 8 8 8 13 
10 0 0 3 2 6 4 1 10 2 3 11 7 6 9 6 5 5 18 3 6 5 6 13 5 6 4 6 4 10 13 4 16 4 5 7 5 14 9 6 4 9 5 4 8 9 9 14 5 16 8 5 4 3 1 4 4 5 2 4 6 3 7 11 12 13 10 8 8 8 13 
11 2 2 0 2 8 2 2 8 2 1 10 8 6 11 8 5 4 16 5 6 7 5 14 7 4 4 6 4 11 12 5 14 3 4 9 6 12 10 6 6 10 6 6 10 8 8 12 7 15 10 5 6 2 3 4 3 3 1 6 8 4 8 12 13 12 8 10 10 7 11 
10 0 0 3 0 6 4 1 10 2 3 11 7 6 10 6 5 5 18 4 7 5 6 13 5 6 5 6 4 10 14 4 16 5 5 7 5 14 9 7 4 9 5 5 8 9 9 14 5 16 8 5 4 4 2 4 5 5 3 4 6 3 7 11 12 13 10 8 8 9 13 
14 6 6 7 7 0 6 6 6 7 7 7 10 9 8 0 4 5 14 4 4 2 6 14 2 5 5 4 4 14 10 3 12 5 6 2 3 10 12 4 5 3 3 2 4 5 5 10 2 12 4 4 4 6 5 4 5 5 7 2 0 7 10 12 11 10 6 2 4 5 9 
12 4 4 3 4 7 0 4 7 4 3 8 9 8 11 7 3 2 15 5 5 6 3 15 6 2 2 5 3 12 10 4 13 2 2 8 6 11 11 5 5 9 5 6 9 6 6 11 6 13 9 4 5 0 4 3 1 2 3 5 7 6 9 13 14 10 7 9 9 6 10 
12 2 2 2 2 8 3 0 9 1 2 10 9 6 11 8 4 5 17 5 6 6 6 15 7 5 4 5 3 12 13 5 15 4 4 9 6 13 10 6 5 10 6 6 9 8 8 13 6 16 10 4 5 3 3 4 4 4 2 6 8 4 9 13 14 12 9 9 9 8 12 
20 12 12 11 12 10 10 12 0 12 11 4 16 16 16 10 8 7 10 11 6 9 7 21 8 7 9 8 8 20 6 9 9 9 8 10 8 7 19 6 11 9 9 9 12 1 1 7 9 9 12 7 11 10 11 9 8 9 11 9 10 14 17 20 18 6 3 9 12 2 6 
12 2 2 2 2 8 4 1 9 0 2 11 9 6 11 8 4 5 17 5 6 7 6 15 7 6 4 6 4 12 13 5 16 4 5 9 6 13 10 6 6 10 6 6 10 8 8 14 7 16 10 5 6 3 3 4 4 4 2 6 8 4 9 13 14 13 9 10 10 8 12 
11 2 2 0 2 8 3 2 8 2 0 10 8 6 11 8 5 4 16 5 6 7 5 14 7 4 4 6 4 11 12 5 15 3 4 9 6 12 10 6 6 10 6 6 10 8 8 12 7 15 10 6 6 2 3 4 3 4 1 6 8 4 8 12 14 12 8 10 10 7 11 
20 12 12 11 12 10 10 12 5 11 11 0 16 15 15 11 7 7 10 10 6 8 7 21 8 7 9 7 8 20 5 9 8 9 8 12 8 6 18 6 11 10 9 9 12 6 6 6 8 8 13 6 11 10 11 8 8 9 11 8 10 13 16 20 18 5 1 11 12 6 5 
7 8 8 10 8 11 10 9 16 8 10 17 0 6 12 12 11 11 23 8 12 10 12 14 10 11 10 11 10 7 19 10 22 10 11 13 10 20 6 12 9 14 10 10 13 15 15 20 10 22 14 11 9 9 7 9 10 11 10 10 12 6 4 12 13 19 16 13 13 14 19 
7 5 5 7 5 9 8 6 13 6 7 15 4 0 10 9 8 9 21 6 10 8 10 12 8 9 8 9 8 7 17 7 20 8 9 10 8 17 5 10 7 12 8 8 11 13 13 18 8 20 11 8 7 7 5 7 8 8 7 7 9 4 4 10 11 17 13 11 11 12 16 
13 10 10 11 11 8 11 10 13 11 11 14 10 9 0 9 9 11 21 8 11 8 12 6 8 11 10 10 9 13 17 8 19 10 11 10 8 17 12 11 7 11 8 8 10 12 12 17 8 20 11 10 7 10 8 9 10 10 11 7 9 9 10 5 3 17 13 10 10 12 16 
14 6 6 8 8 1 7 6 6 7 7 7 11 10 9 0 4 5 14 5 4 3 6 14 2 5 5 4 4 14 10 3 12 5 6 3 3 10 13 4 5 3 3 3 4 5 5 10 3 12 5 4 5 6 5 4 6 6 7 2 1 8 11 13 11 10 6 3 4 5 9 
13 5 5 5 5 4 3 5 6 4 5 7 9 8 9 5 0 2 13 3 3 3 2 15 4 2 2 2 1 13 9 2 12 2 3 6 3 9 11 3 4 7 3 3 6 5 5 10 3 12 7 1 4 3 4 1 2 1 4 3 5 6 9 14 12 9 5 6 6 4 8 
14 6 6 4 6 6 3 6 5 6 4 6 11 10 11 7 2 0 12 5 3 5 0 17 4 0 2 3 3 14 8 4 11 3 1 8 4 8 13 3 5 7 4 4 8 4 4 9 5 11 9 2 5 3 6 3 1 2 4 5 7 8 11 15 14 8 4 8 8 3 8 
26 18 18 17 18 17 16 18 11 18 17 13 23 22 22 17 14 13 0 17 12 15 14 26 14 14 15 14 15 26 6 15 15 15 14 18 14 4 25 13 17 17 15 15 18 12 12 5 15 5 18 13 17 16 18 15 15 15 17 15 17 20 23 25 24 5 12 18 18 12 6 
11 4 4 5 5 4 4 4 8 5 5 9 7 6 7 4 3 5 15 0 5 3 5 12 3 5 3 4 3 11 11 2 14 3 4 5 3 12 10 5 1 6 3 2 6 7 7 12 3 14 6 4 0 4 2 2 4 4 5 2 4 4 8 11 9 11 8 6 6 6 11 
14 6 6 7 7 4 6 7 6 6 7 7 11 10 10 5 2 4 14 5 0 3 5 15 2 4 4 2 3 14 9 3 12 4 5 6 2 10 13 0 5 5 3 3 6 5 5 10 3 12 7 2 5 6 5 3 4 4 7 3 5 8 11 14 12 9 6 6 6 4 9 
13 5 5 7 7 3 6 6 6 6 6 7 10 9 8 4 3 5 13 4 4 0 5 14 1 5 4 3 3 13 9 2 12 4 6 5 2 10 12 4 4 4 2 2 5 5 5 10 0 12 6 3 4 5 4 3 5 5 6 2 4 7 10 13 11 9 6 5 5 4 8 
14 6 6 4 6 7 2 6 7 5 4 8 10 9 12 8 3 2 14 6 5 6 0 17 6 2 3 5 4 14 10 5 13 2 2 9 6 10 13 5 6 9 6 6 9 6 6 11 6 13 10 4 6 3 5 4 2 2 3 6 8 8 10 15 15 10 6 10 9 5 10 
14 13 13 14 14 13 13 13 18 14 14 19 13 12 6 14 14 14 25 12 16 13 15 0 13 15 14 14 13 14 22 13 24 13 14 15 14 22 14 16 12 16 13 13 15 17 17 22 13 24 15 14 12 13 11 12 14 14 14 12 14 12 13 3 4 22 18 15 15 17 21 
12 4 4 6 6 3 5 5 6 6 6 7 9 8 8 3 2 4 14 3 4 1 5 13 0 4 4 2 2 12 9 2 12 4 5 4 1 10 11 4 3 5 1 1 4 5 5 10 1 12 5 2 3 4 4 2 4 4 6 1 3 6 9 12 10 9 6 4 4 5 9 
15 7 7 5 7 7 4 7 6 6 4 8 12 10 12 7 2 1 14 5 4 5 2 18 6 0 3 5 3 15 10 4 12 3 2 8 5 10 14 4 6 9 5 5 8 6 6 10 6 13 9 4 6 4 6 4 2 2 4 5 7 8 12 16 14 10 6 8 8 5 9 
13 5 5 5 6 5 3 5 6 5 5 7 10 9 10 6 1 2 14 4 3 4 2 16 4 2 0 3 2 13 10 2 12 1 2 6 4 10 12 4 4 8 4 4 7 5 5 10 4 12 7 2 4 3 4 2 2 1 4 3 5 7 10 14 13 10 6 7 7 5 9 
14 6 6 5 6 5 4 6 5 5 5 6 10 9 10 5 1 3 13 4 2 3 3 16 3 3 2 0 2 14 9 3 12 3 4 6 2 9 12 2 4 6 3 3 7 4 4 9 3 12 7 0 4 4 5 2 3 2 5 3 5 7 10 14 12 9 5 7 7 4 8 
12 4 4 4 5 4 3 4 7 4 4 8 8 7 9 5 2 3 15 2 4 3 4 14 4 3 2 2 0 12 11 2 13 2 3 6 3 11 10 4 3 7 3 3 6 6 6 11 3 14 7 2 3 3 3 0 2 2 4 3 5 5 8 12 11 10 7 6 6 6 10 
0 10 10 12 10 13 12 11 17 10 12 19 6 8 14 13 12 13 25 10 14 12 14 16 12 13 12 13 12 0 21 11 24 12 13 14 12 21 1 14 11 16 12 12 15 16 16 22 12 24 16 12 11 11 9 11 12 12 12 11 13 8 6 14 14 21 17 15 15 16 20 
21 13 13 12 13 12 11 14 6 13 12 8 18 17 17 12 9 8 7 12 8 10 9 22 9 9 10 9 10 21 0 10 10 10 10 13 9 3 20 8 12 12 10 10 14 7 7 3 10 5 14 8 12 11 12 10 10 10 12 10 12 15 18 21 19 2 6 12 14 8 1 
11 3 3 4 4 4 4 3 8 4 4 9 8 6 8 5 2 4 16 2 4 3 4 14 4 4 2 3 2 11 11 0 14 2 3 6 3 12 10 4 2 7 3 3 6 7 7 12 3 14 7 3 2 3 2 1 2 3 4 3 5 4 8 12 11 11 8 6 6 6 11 
21 13 13 12 13 11 10 13 4 12 12 1 17 16 16 11 8 8 10 11 7 9 8 22 8 8 10 8 9 21 6 10 0 10 9 12 8 6 19 7 12 10 9 10 13 5 5 7 9 9 13 7 12 11 12 9 9 9 12 9 11 14 17 20 19 6 2 11 13 6 6 
13 5 5 4 5 6 3 5 6 5 4 7 10 9 10 6 1 1 14 4 4 5 2 16 5 2 1 4 2 13 9 3 12 0 2 7 4 10 12 4 5 8 4 4 8 5 5 10 5 12 8 3 5 3 4 2 2 1 4 4 6 7 10 14 13 9 6 8 8 5 9 
14 5 5 4 6 6 2 5 6 5 4 7 10 9 11 6 2 1 13 5 4 5 2 16 5 1 2 4 2 13 9 3 12 2 0 8 5 10 12 4 5 8 5 5 8 5 5 10 5 12 8 3 5 2 5 3 0 0 4 4 6 7 10 14 14 9 6 8 8 4 9 
15 7 7 8 8 2 8 7 8 8 8 9 11 10 9 2 5 7 16 5 6 4 7 15 4 7 6 5 5 15 11 4 14 6 7 0 4 12 14 6 6 2 4 4 2 7 7 12 4 14 2 5 6 7 6 5 6 6 8 3 2 8 12 14 12 11 8 1 2 7 11 
13 5 5 6 6 3 5 5 6 6 6 7 9 8 8 3 3 4 14 3 3 1 5 14 1 5 4 2 3 13 9 2 12 4 5 4 0 10 11 3 4 5 1 1 4 5 5 10 1 12 5 2 4 5 4 2 4 4 6 1 3 6 9 12 10 9 6 5 4 5 9 
22 15 15 14 15 13 12 15 8 14 14 9 19 18 18 13 10 10 4 13 9 11 10 23 10 10 12 10 11 22 3 12 12 12 11 14 10 0 21 9 14 13 11 12 15 8 8 3 11 4 15 9 14 13 14 11 11 11 14 11 13 16 19 21 20 2 8 14 15 9 2 
1 8 8 10 8 12 10 9 16 9 10 17 4 6 13 12 11 11 24 9 12 10 12 15 11 12 10 11 10 1 20 10 22 10 11 13 11 20 0 12 9 14 11 10 13 15 15 20 10 22 14 11 9 10 7 9 11 11 10 10 12 7 4 13 12 19 16 14 13 15 19 
14 6 6 7 7 4 5 6 6 6 7 7 11 10 10 5 2 4 13 5 2 3 5 15 2 4 4 2 3 14 9 3 12 4 5 6 2 10 13 0 5 5 3 3 6 5 5 10 3 12 7 2 5 6 5 3 4 4 7 3 5 8 11 14 12 9 6 6 6 4 9 
12 5 5 6 6 4 5 5 7 6 6 9 9 8 8 4 3 5 15 1 5 2 5 14 2 5 4 4 3 12 11 2 14 4 5 5 3 11 11 5 0 6 2 2 5 6 6 12 2 14 6 4 0 5 3 2 4 4 6 2 4 6 9 12 10 11 7 5 5 6 10 
16 8 8 10 10 3 8 8 7 9 10 8 13 12 11 3 6 6 15 7 5 5 6 16 4 6 7 5 6 16 10 5 13 7 7 1 5 11 15 5 7 0 5 5 3 6 6 11 5 13 4 5 7 8 7 6 7 7 9 4 3 10 13 15 13 10 7 1 3 6 10 
13 5 5 6 6 3 5 5 6 6 6 7 9 8 8 3 3 4 14 3 3 1 5 14 1 5 4 2 3 13 9 2 12 4 5 4 0 10 11 3 4 5 0 1 5 5 5 10 1 12 5 2 4 5 4 3 4 4 6 1 3 6 9 12 10 9 6 5 5 5 9 
12 3 3 5 5 5 4 4 7 4 5 8 8 7 8 5 2 3 15 2 3 3 4 14 4 3 3 2 2 11 10 0 13 3 4 6 2 11 10 3 2 6 2 0 6 6 6 11 4 13 7 2 2 4 3 1 3 3 5 3 5 5 8 12 11 10 7 7 6 6 10 
14 8 8 9 9 3 9 8 9 9 9 11 12 11 10 3 6 8 17 6 7 5 8 14 5 8 7 6 6 14 13 5 16 7 8 2 5 13 15 7 7 4 5 4 0 8 8 14 5 16 1 6 6 8 7 6 7 7 9 4 3 9 12 13 12 13 9 2 1 8 12 
20 12 12 10 12 10 9 12 2 11 10 3 16 15 15 10 7 6 10 10 6 8 7 21 7 7 8 7 8 20 6 9 8 8 8 10 7 6 18 6 10 9 8 8 12 0 0 6 8 8 12 6 10 10 11 8 8 8 10 8 10 13 16 19 18 5 2 10 12 1 5 
20 12 12 10 12 10 9 12 2 11 10 3 16 15 15 10 7 6 10 10 6 8 7 21 7 7 8 7 8 20 6 9 8 8 8 10 7 6 18 6 10 9 8 8 12 0 0 6 8 8 12 6 10 10 11 8 8 8 10 8 10 13 16 19 18 5 2 10 12 1 5 
23 15 15 14 15 13 12 15 8 14 14 9 19 18 18 14 10 10 5 13 9 11 10 24 11 10 12 10 11 23 2 12 12 12 11 14 11 4 22 9 14 13 12 12 15 8 8 0 12 3 16 10 14 13 14 11 11 12 14 12 14 16 19 23 21 0 8 14 15 9 2 
13 5 5 6 7 3 6 6 6 6 6 7 10 9 8 4 3 4 13 4 3 2 5 14 1 5 4 3 3 13 9 2 12 4 6 5 2 9 12 3 4 4 2 2 5 5 5 10 0 12 6 3 4 5 4 3 5 5 6 2 4 7 10 13 11 9 5 5 5 4 8 
23 15 15 14 15 14 13 16 8 15 14 10 20 19 19 14 11 10 5 14 10 12 11 24 11 10 12 11 12 23 3 12 12 12 11 15 11 3 22 10 14 14 12 12 16 9 9 2 12 0 16 10 14 13 14 12 12 12 14 12 14 17 20 23 21 2 8 14 16 10 2 
14 8 8 9 9 3 9 8 9 9 9 11 12 11 10 3 6 8 17 6 7 5 8 14 5 8 7 6 6 14 13 5 16 7 8 2 5 13 14 7 7 4 5 4 2 8 8 14 5 16 0 6 6 8 7 6 7 7 9 4 3 9 12 13 11 13 9 2 1 8 12 
13 5 5 5 5 5 4 6 5 5 5 6 10 9 10 6 1 2 13 4 2 3 3 16 4 3 2 2 2 13 9 2 11 2 3 6 2 9 12 2 4 6 2 2 7 4 4 9 3 12 8 0 4 4 4 2 3 2 5 3 5 7 10 14 13 8 5 7 7 4 8 
12 4 4 5 6 3 5 4 7 5 5 8 8 7 7 3 3 4 15 0 4 2 5 13 2 4 3 3 2 12 10 1 13 3 4 4 2 11 10 4 1 6 2 1 5 6 6 11 2 13 5 3 0 4 2 2 4 4 5 1 3 5 8 11 10 10 7 5 5 6 10 
13 5 5 4 5 7 1 5 7 4 4 8 10 9 11 7 2 2 14 5 5 6 3 16 6 2 2 4 2 13 10 4 13 1 2 8 5 10 12 5 5 9 5 5 8 6 6 11 6 13 9 3 5 0 4 3 1 1 4 5 7 7 10 14 14 10 6 9 8 5 10 
9 2 2 3 4 4 3 2 8 3 3 10 5 4 8 4 4 4 16 2 5 3 5 11 3 4 3 4 3 9 12 2 15 3 4 5 3 12 7 5 2 7 3 3 6 8 8 13 3 15 6 4 2 2 0 2 3 4 3 2 4 2 5 10 11 12 8 6 6 7 12 
11 3 3 4 4 5 3 4 7 4 4 8 8 7 10 5 2 3 15 3 3 4 3 14 4 3 1 3 1 11 10 2 13 1 2 6 4 11 10 3 4 8 3 4 7 6 6 11 4 13 7 2 4 3 3 0 2 2 4 3 5 5 8 12 12 10 7 7 7 6 10 
13 5 5 4 5 7 1 5 6 4 4 7 10 9 11 7 2 1 13 5 4 6 2 16 5 2 2 4 2 13 9 4 12 1 1 8 5 9 12 4 5 8 5 5 8 5 5 10 6 12 9 3 5 1 4 3 0 1 4 5 7 7 10 14 14 9 5 9 8 4 8 
14 6 6 5 6 6 3 6 5 5 5 6 10 9 10 6 1 0 13 4 3 4 1 16 5 1 2 3 2 14 9 3 11 2 2 7 4 9 12 3 5 8 4 4 7 4 4 9 4 11 8 2 5 4 5 2 2 0 5 4 6 7 10 14 13 8 5 8 7 4 8 
11 2 2 0 2 8 3 2 8 2 0 10 8 6 11 8 5 4 16 5 7 7 5 14 7 5 4 6 5 11 12 5 15 3 4 9 6 12 10 7 6 10 6 6 10 8 8 13 7 15 10 6 6 2 3 4 3 4 0 6 8 4 8 12 14 12 8 10 10 7 11 
12 4 4 6 6 2 5 4 6 5 5 7 9 8 7 2 2 4 14 3 4 1 4 12 1 4 3 2 2 12 9 1 12 3 4 3 1 10 11 4 3 4 1 1 4 5 5 10 1 12 4 2 3 4 3 2 4 4 5 0 2 6 9 11 9 9 6 4 4 5 9 
14 6 6 7 8 0 7 6 7 7 7 8 10 10 8 0 4 6 14 4 4 3 6 14 3 6 5 4 4 14 10 3 13 5 6 2 3 10 13 4 5 3 3 3 3 6 6 11 3 13 4 4 5 6 5 4 6 6 7 2 0 8 11 13 11 10 6 2 3 5 10 
8 3 3 5 3 8 6 4 12 3 5 13 5 3 11 8 7 8 20 5 9 6 8 12 7 8 6 7 6 8 16 6 18 6 7 9 7 16 7 9 5 10 7 6 9 11 11 16 6 18 10 7 5 6 3 6 7 7 5 6 8 0 5 11 12 15 12 9 9 11 15 
4 9 9 11 9 12 11 10 17 10 11 18 6 7 13 13 12 12 23 10 14 11 13 14 12 13 11 12 11 4 20 11 23 11 12 14 12 21 5 14 10 15 12 11 14 16 16 21 12 23 14 12 10 10 8 10 12 12 11 11 13 8 0 13 12 20 17 14 14 16 20 
12 11 11 12 12 12 11 11 17 12 12 18 11 10 4 12 12 13 25 10 14 12 13 3 12 13 12 12 11 12 21 11 23 12 12 13 12 21 13 14 11 15 12 11 14 16 16 21 12 24 14 12 10 11 9 10 12 12 12 11 12 10 11 0 3 21 17 14 14 16 20 
11 12 12 13 13 11 13 12 16 13 13 17 12 11 4 11 12 14 23 10 13 10 14 4 11 14 12 12 11 11 19 10 22 12 14 12 11 20 12 14 9 14 11 10 12 15 15 20 11 22 13 12 9 12 10 11 13 13 13 10 11 11 12 3 0 19 16 13 13 14 18 
23 14 14 14 15 13 12 15 8 14 14 9 19 18 18 13 10 10 5 13 9 11 10 24 10 10 11 10 11 22 2 12 12 12 11 14 10 3 21 9 13 13 11 11 15 8 8 1 11 3 15 9 13 12 14 11 11 11 13 11 13 16 19 22 21 0 8 14 15 9 2 
19 11 11 10 11 9 8 11 4 10 10 1 15 14 14 10 6 6 8 9 5 7 6 20 7 6 8 6 7 19 4 8 7 8 7 10 7 4 17 5 10 9 8 8 11 4 4 5 7 7 11 5 10 9 10 7 7 8 10 7 9 12 15 18 17 4 0 10 11 5 4 
16 8 8 9 9 2 8 8 7 9 9 8 12 11 10 2 6 6 15 6 5 4 7 16 4 6 7 6 6 16 11 4 13 7 7 1 5 11 14 5 6 1 4 4 2 6 6 11 4 14 3 5 6 8 7 5 7 7 9 3 2 9 12 14 13 11 7 0 2 6 10 
13 8 8 9 9 3 8 8 9 9 9 10 12 11 10 3 6 7 16 6 7 4 8 14 5 8 7 6 6 13 13 5 15 7 8 2 5 13 14 7 6 3 5 4 1 8 8 13 4 16 0 6 6 8 7 6 7 7 9 4 3 9 12 12 11 12 9 2 0 8 12 
19 11 11 10 11 9 8 11 1 10 10 2 15 14 14 9 6 6 9 9 5 7 6 20 6 6 8 6 7 19 5 8 7 8 7 10 6 5 17 5 10 9 7 8 11 2 2 5 7 8 11 5 10 9 10 7 7 7 10 7 9 12 15 18 17 5 1 10 11 0 4 
22 14 14 13 14 12 12 14 7 13 13 8 18 17 17 13 9 9 6 12 8 10 9 23 10 9 11 9 10 22 1 11 11 11 10 14 10 4 20 8 13 12 11 11 14 8 8 2 10 4 15 8 13 12 13 10 10 11 13 10 12 15 18 22 20 1 7 13 14 8 0 
/* Distance matrix [km] ([all nodes] x [all nodes]) */
0 5.012 5.012 6.083 4.937 6.8 6.258 5.336 9.472 5.154 6.047 9.957 3.676 3.42 8.48 6.813 6.295 6.889 13.843 5.143 7.154 6.178 6.876 8.209 6.311 6.675 6.175 6.506 6.071 0.016 12.367 5.769 11.677 6.248 6.71 7.447 6.261 12.594 0.739 7.176 5.59 7.987 6.236 6.135 7.761 9.128 9.128 12.422 6.219 13.047 10.89 6.548 5.351 6.035 4.795 5.722 6.445 6.56 6 5.999 6.935 4.113 3.799 5.869 7.686 12.337 9.724 7.733 7.832 9.13 12.107 
5.346 0 0 1.161 0.952 2.584 1.377 0.373 4.591 0.636 1.125 5.076 4.206 2.164 4.555 2.597 1.454 2.008 8.962 1.165 2.273 1.962 1.995 5.375 2.095 1.947 1.292 2.29 1.19 5.329 7.486 1.553 6.796 1.365 1.829 3.231 2.045 7.713 4.606 2.295 1.374 3.771 2.02 1.919 3.545 4.247 4.247 7.541 2.003 8.166 3.683 1.667 1.334 1.154 0.579 1.506 1.564 1.679 1.078 1.783 2.719 1.231 4.329 4.949 5.407 7.456 4.843 3.517 3.616 4.249 7.226 
5.346 0 0 1.161 0.952 2.584 1.377 0.373 4.591 0.636 1.125 5.076 4.206 2.164 4.555 2.597 1.454 2.008 8.962 1.165 2.273 1.962 1.995 5.375 2.095 1.947 1.292 2.29 1.19 5.329 7.486 1.553 6.796 1.365 1.829 3.231 2.045 7.713 4.606 2.295 1.374 3.771 2.02 1.919 3.545 4.247 4.247 7.541 2.003 8.166 3.683 1.667 1.334 1.154 0.579 1.506 1.564 1.679 1.078 1.783 2.719 1.231 4.329 4.949 5.407 7.456 4.843 3.517 3.616 4.249 7.226 
5.58 1.001 1.001 0 0.926 3.51 0.731 0.792 3.945 0.61 0.479 4.43 5.037 2.753 5.386 3.523 1.517 1.362 8.316 2.091 2.643 2.888 1.349 6.206 3.021 1.301 1.354 2.481 1.513 5.563 6.84 2.385 6.15 0.965 1.183 4.157 2.642 7.067 4.84 2.665 2.3 4.401 2.617 2.717 4.471 3.601 3.601 6.895 2.929 7.52 4.609 1.99 2.26 0.508 1.41 1.697 0.918 1.033 0.432 2.709 3.645 1.723 5.16 5.78 6.238 6.81 4.197 4.443 4.542 3.603 6.58 
5.42 0.074 0.074 1.235 0 2.658 1.451 0.447 4.665 0.71 1.199 5.15 4.28 2.238 4.629 2.671 1.528 2.082 9.036 1.239 2.347 2.036 2.069 5.449 2.169 2.021 1.366 2.364 1.264 5.403 7.56 1.627 6.87 1.439 1.903 3.305 2.119 7.787 4.68 2.369 1.448 3.845 2.094 1.993 3.619 4.321 4.321 7.615 2.077 8.24 3.757 1.741 1.408 1.228 0.653 1.58 1.638 1.753 1.152 1.857 2.793 1.305 4.403 5.023 5.481 7.53 4.917 3.591 3.69 4.323 7.3 
7.038 2.458 2.458 3.346 2.978 0 3.234 2.557 2.929 2.82 3.31 3.414 5.898 4.64 3.863 0.013 1.774 2.304 7.3 1.941 1.533 1.042 2.621 5.772 0.819 2.42 2.27 1.429 1.745 7.021 5.824 1.417 5.134 2.343 2.572 0.746 1.125 6.051 6.298 1.555 1.749 0.917 1.1 1.145 1.34 2.585 2.585 5.879 1.083 6.504 1.478 1.6 1.719 3.011 2.271 1.819 2.529 2.258 3.263 0.731 0.191 3.428 6.021 5.447 4.837 5.794 3.181 0.679 1.411 2.587 5.564 
6.444 1.724 1.724 1.11 1.817 3.06 0 1.823 3.561 1.501 1.074 4.046 5.304 4.046 5.653 3.073 1.1 0.978 7.932 1.607 2.259 2.438 0.932 6.473 2.571 0.731 0.937 1.999 1.096 6.427 6.456 1.9 5.766 0.548 0.799 3.707 2.157 6.683 5.704 2.281 1.816 4.091 2.132 2.395 4.021 3.217 3.217 6.511 2.479 7.136 4.159 1.573 1.776 0.091 1.677 1.211 0.501 0.616 1.027 2.259 3.195 2.834 5.427 6.047 6.505 6.426 3.813 3.993 4.092 3.219 6.196 
5.63 0.727 0.727 0.861 0.652 2.782 1.077 0 4.291 0.336 0.825 4.776 4.744 2.803 4.706 2.795 1.082 1.708 8.662 1.328 1.901 2.16 1.695 6.552 2.293 1.647 0.92 1.721 0.818 5.613 7.186 1.622 6.496 0.993 1.529 3.429 1.877 7.413 4.89 1.923 1.537 3.733 1.852 1.952 3.743 3.947 3.947 7.241 2.201 7.866 3.881 1.295 1.497 0.854 1.157 0.933 1.179 1.379 0.778 1.981 2.917 1.449 4.867 6.126 5.68 7.156 4.543 3.715 3.814 3.949 6.926 
8.895 4.315 4.315 4.107 4.251 2.448 3.419 4.117 0 3.935 4.071 1.079 7.755 6.497 6.365 2.461 2.791 2.608 4.965 3.92 2.063 3.063 2.925 9.311 2.778 2.724 3.364 2.562 3.057 8.878 3.489 3.396 2.799 3.437 2.876 2.61 2.733 3.716 8.155 2.085 3.957 2.013 3.181 3.287 3.271 0.212 0.212 3.544 3.104 4.169 3.409 2.347 3.917 3.511 4.128 3.172 2.992 3.11 4.024 3.095 2.413 5.285 7.878 7.949 7.339 3.459 0.846 2.324 3.342 0.252 3.229 
5.738 0.835 0.835 0.969 0.76 2.962 1.185 0.181 4.399 0 0.933 4.884 4.852 2.911 5.241 2.975 1.262 1.816 8.77 1.508 2.081 2.34 1.803 6.061 2.473 1.755 1.1 1.901 0.998 5.721 7.294 1.802 6.604 1.173 1.637 3.609 2.057 7.521 4.998 2.103 1.717 3.913 2.032 2.132 3.923 4.055 4.055 7.349 2.381 7.974 4.061 1.475 1.677 0.962 1.265 1.113 1.372 1.487 0.886 2.161 3.097 1.557 4.975 5.635 6.093 7.264 4.651 3.895 3.994 4.057 7.034 
5.616 1.037 1.037 0.035 0.962 3.546 0.767 0.828 3.981 0.646 0 4.466 5.073 2.789 5.422 3.559 1.553 1.398 8.352 2.127 2.679 2.924 1.385 6.242 3.057 1.337 1.39 2.517 1.549 5.599 6.876 2.421 6.186 1.001 1.219 4.193 2.678 7.103 4.876 2.701 2.336 4.437 2.653 2.753 4.507 3.637 3.637 6.931 2.965 7.556 4.645 2.026 2.296 0.544 1.446 1.733 0.954 1.069 0.468 2.745 3.681 1.759 5.196 5.816 6.274 6.846 4.233 4.479 4.578 3.639 6.616 
9.335 4.755 4.755 4.547 4.691 4.179 3.859 4.557 0.904 4.375 4.511 0 8.195 6.937 6.805 4.192 3.231 3.048 4.398 4.36 2.503 3.503 3.365 8.714 3.218 3.164 3.804 3.002 3.497 9.318 2.922 3.836 2.232 3.877 3.316 4.826 3.173 3.149 8.595 2.525 4.397 4.335 3.621 3.727 5.14 1.033 1.033 2.977 3.544 3.602 5.278 2.787 4.357 3.951 4.568 3.612 3.432 3.55 4.464 3.535 4.314 5.725 8.318 8.389 7.779 2.892 0.232 4.646 5.211 2.862 2.662 
3.869 4.102 4.102 5.173 4.027 5.89 5.348 4.426 8.562 4.244 5.137 9.047 0 2.51 5.12 5.903 5.385 5.979 12.933 4.233 6.244 5.268 5.966 5.385 5.401 5.765 5.265 5.596 5.161 3.852 11.457 4.859 10.767 5.338 5.8 6.537 5.351 11.684 3.129 6.266 4.68 7.077 5.326 5.225 6.851 8.218 8.218 11.512 5.309 12.137 6.989 5.638 4.441 5.125 3.885 4.812 5.535 5.65 5.09 5.089 6.025 3.203 2.889 4.959 5.417 11.427 8.814 6.823 6.922 8.22 11.197 
3.349 2.16 2.16 3.231 2.085 4.508 3.966 2.484 7.18 2.302 3.195 7.665 2.463 0 3.738 4.521 4.003 4.597 11.551 2.851 4.862 3.886 4.584 4.003 4.019 4.383 3.883 4.214 3.779 3.332 10.075 3.477 9.385 3.956 4.418 5.155 3.969 10.302 2.609 4.884 3.298 5.695 3.944 3.843 5.469 6.836 6.836 10.13 3.927 10.755 5.607 4.256 3.059 3.743 2.503 3.43 4.153 4.268 3.148 3.707 4.643 1.261 2.586 3.577 4.035 10.045 7.432 5.441 5.54 6.838 9.815 
7.557 4.935 4.935 5.823 4.926 3.902 5.711 5.034 6.386 5.297 5.787 6.871 4.685 3.427 0 3.915 4.111 4.548 10.757 3.357 4.99 3.707 4.865 2.039 3.84 4.664 4.381 4.094 3.881 7.54 9.281 3.553 8.591 4.454 4.938 4.549 3.79 9.508 5.085 5.012 3.164 4.611 3.765 3.81 4.863 6.042 6.042 9.336 3.748 9.961 5.001 4.137 3.134 5.488 4.248 3.93 4.64 4.359 5.74 3.396 4.037 4.021 4.808 1.714 1.208 9.251 6.638 4.835 4.934 6.044 9.021 
7.209 2.629 2.629 3.517 3.149 0.514 3.405 2.728 2.915 2.991 3.481 3.4 6.069 4.811 4.034 0 1.945 2.29 7.286 2.112 1.519 1.213 2.607 5.943 0.805 2.406 2.441 1.537 1.916 7.192 5.81 1.588 5.12 2.514 2.558 1.028 1.233 6.037 6.469 1.541 1.92 0.903 1.208 1.316 1.661 2.571 2.571 5.865 1.254 6.49 1.799 1.586 1.89 3.182 2.442 1.99 2.7 2.429 3.434 0.902 0.479 3.599 6.192 5.618 5.008 5.78 3.167 0.817 1.732 2.573 5.55 
6.416 1.836 1.836 1.877 1.65 1.955 1.449 1.516 2.895 1.334 1.841 3.38 5.276 4.018 4.47 1.968 0 0.436 7.266 1.319 1.074 1.333 0.753 6.445 1.466 0.552 0.569 0.891 0.456 6.399 5.79 0.795 5.1 0.836 0.704 2.602 1.052 6.017 5.676 1.096 1.356 2.811 1.027 1.29 2.916 2.551 2.551 5.845 1.374 6.47 3.054 0.468 1.316 1.542 1.649 0.571 1.022 0.483 1.794 1.154 2.09 2.806 5.399 6.019 5.444 5.76 3.147 2.888 2.987 2.553 5.53 
7.207 2.487 2.487 1.498 2.425 2.328 0.81 2.586 2.582 2.109 1.462 3.067 6.067 4.25 5.123 2.341 0.652 0 6.953 1.972 1.28 1.652 0.316 7.236 1.995 0.115 0.951 1.179 1.275 7.19 5.477 1.448 4.787 0.894 0.267 2.975 1.337 5.704 6.467 1.302 2.009 3.112 1.378 1.478 3.289 2.238 2.238 5.532 1.693 6.157 3.427 0.964 1.969 0.902 2.44 1.39 0.383 0.501 1.415 1.684 2.463 3.597 6.19 6.81 6.097 5.447 2.834 3.423 3.36 2.24 5.217 
16.724 8.563 8.563 8.355 8.499 7.987 7.667 8.365 4.712 8.183 8.319 5.197 12.003 10.745 10.613 8 7.039 6.856 0 8.168 6.311 7.311 7.173 13.726 7.026 6.972 7.612 6.81 7.305 16.707 2.24 7.644 5.97 7.685 7.124 8.634 6.981 1.248 12.403 6.333 8.205 8.143 7.429 7.535 8.948 4.841 4.841 1.589 7.352 1.272 7.123 6.595 8.165 7.759 8.376 7.42 7.24 7.358 8.272 7.343 8.122 9.533 12.126 13.537 13.203 1.728 4.964 8.454 9.019 6.67 1.98 
5.168 1.253 1.253 2.141 1.773 1.707 2.029 1.352 3.764 1.615 2.105 4.249 4.028 2.77 3.361 1.72 1.234 1.97 8.135 0 2.094 1.085 1.924 5.27 1.218 1.723 1.234 1.445 1.132 5.151 6.659 0.676 5.969 1.307 1.791 2.354 1.168 6.886 4.428 2.116 0.247 2.894 1.143 1.042 2.668 3.42 3.42 6.714 1.126 7.339 2.806 1.488 0.207 1.806 0.566 0.783 1.493 1.608 2.058 0.906 1.842 1.558 4.151 4.945 4.335 6.629 4.016 2.64 2.739 3.422 6.399 
6.962 2.382 2.382 2.683 2.456 1.656 2.255 2.481 2.473 2.14 2.647 2.958 5.822 4.564 4.282 1.669 0.996 1.433 6.844 1.865 0 0.98 1.75 6.191 0.698 1.549 1.569 0.508 1.002 6.945 5.368 1.341 4.678 1.642 2.126 2.303 0.665 5.595 6.222 0.018 1.902 1.965 1.104 1.204 2.617 2.129 2.129 5.423 1.021 6.048 2.755 0.552 1.862 2.348 2.195 1.117 1.828 1.482 2.6 1.012 1.791 3.352 5.945 5.866 5.256 5.338 2.725 2.276 2.688 2.131 5.108 
6.666 2.086 2.086 2.974 2.606 1.225 2.862 2.185 2.81 2.448 2.938 3.295 5.526 4.268 3.851 1.238 1.402 2.185 7.181 1.569 1.414 0 2.502 5.76 0.264 2.301 1.898 0.996 1.373 6.649 5.705 1.045 5.015 1.971 2.453 1.872 0.692 5.932 5.926 1.436 1.606 1.94 0.667 0.773 2.186 2.466 2.466 5.76 0.04 6.385 2.324 1.039 1.566 2.639 1.899 1.447 2.157 1.886 2.891 0.581 1.36 3.056 5.649 5.435 4.825 5.675 3.062 2.251 2.257 2.468 5.445 
6.89 2.17 2.17 1.181 2.108 3.078 0.631 2.269 3.264 1.792 1.145 3.749 5.75 3.933 5.593 3.091 1.122 0.681 7.635 2.442 1.962 2.456 0 6.919 2.677 0.892 1.104 1.861 1.263 6.873 6.159 1.918 5.469 0.715 0.502 3.725 2.019 6.386 6.15 1.984 2.479 3.794 2.06 2.16 4.039 2.92 2.92 6.214 2.497 6.839 4.177 1.646 2.439 0.723 2.123 1.378 0.618 0.736 1.098 2.277 3.213 3.28 5.873 6.493 6.567 6.129 3.516 4.105 4.11 2.922 5.899 
7.337 5.528 5.528 6.416 5.519 5.811 6.304 5.627 8.295 5.89 6.38 8.78 5.278 4.02 2.039 5.824 6.341 6.935 10.545 5.189 7.2 5.616 6.922 0 5.749 6.721 6.221 6.552 6.117 7.32 11.19 5.815 10.5 6.294 6.756 6.458 5.699 11.417 7.745 7.222 5.073 6.52 5.674 5.719 6.772 7.951 7.951 11.245 5.657 11.87 6.303 6.594 5.043 6.081 4.841 5.768 6.491 6.606 6.333 5.305 5.946 4.614 5.401 0.573 1.073 11.16 8.547 6.744 6.843 7.953 10.93 
6.401 1.821 1.821 2.709 2.341 0.96 2.597 1.92 2.963 2.183 2.673 3.448 5.261 4.003 3.586 0.973 1.137 1.574 7.334 1.304 1.567 0.284 1.891 5.495 0 1.69 1.633 0.731 1.108 6.384 5.858 0.78 5.168 1.706 2.19 1.607 0.427 6.085 5.661 1.589 1.341 2.093 0.402 0.508 1.921 2.619 2.619 5.913 0.325 6.538 2.059 0.774 1.301 2.374 1.634 1.182 1.892 1.621 2.626 0.316 1.095 2.791 5.384 5.17 4.56 5.828 3.215 1.893 1.992 2.621 5.598 
7.338 2.618 2.618 1.629 2.556 2.699 0.962 2.717 2.904 2.24 1.593 3.389 6.198 4.381 5.214 2.712 0.743 0.397 7.275 2.063 1.602 2.077 0.714 7.367 2.21 0 1.042 1.635 1.2 7.321 5.799 1.539 5.109 1.118 0.419 3.346 1.796 6.026 6.598 1.624 2.1 3.434 1.771 2.034 3.66 2.56 2.56 5.854 2.118 6.479 3.798 1.212 2.06 1.054 2.571 1.315 0.535 0.653 1.546 1.898 2.834 3.728 6.321 6.941 6.188 5.769 3.156 3.632 3.731 2.562 5.539 
6.579 2.182 2.182 1.568 1.813 2.118 1.152 2.281 3.02 1.497 1.532 3.505 5.439 4.181 4.633 2.131 0.162 0.553 7.391 1.482 1.237 1.496 0.693 6.608 1.629 0.492 0 1.054 0.619 6.562 5.915 0.958 5.225 0.539 1.023 2.765 1.215 6.142 5.839 1.259 1.519 2.974 1.19 1.453 3.079 2.676 2.676 5.97 1.537 6.595 3.217 0.631 1.479 1.244 1.812 0.734 0.725 0.377 1.485 1.317 2.253 2.969 5.562 6.182 5.607 5.885 3.272 3.051 3.15 2.678 5.655 
6.59 2.01 2.01 2.173 1.946 1.617 1.745 1.812 2.43 1.63 2.137 2.915 5.45 4.192 4.243 1.63 0.486 0.923 6.801 1.615 0.648 0.941 1.24 6.152 1.118 1.039 1.059 0 0.752 6.573 5.325 1.091 4.635 1.132 1.616 2.264 0.626 5.552 5.85 0.67 1.652 2.48 0.855 0.955 2.578 2.086 2.086 5.38 0.982 6.005 2.716 0.042 1.612 1.838 1.823 0.867 1.318 0.972 2.09 0.973 1.752 2.98 5.573 6.193 5.217 5.295 2.682 2.791 2.649 2.088 5.065 
5.849 1.269 1.269 1.68 1.453 1.965 1.252 1.368 3.329 1.137 1.644 3.814 4.709 3.451 4.296 1.978 0.69 1.302 7.7 0.893 1.547 1.343 1.256 5.878 1.476 1.055 0.566 0.901 0 5.832 6.224 0.805 5.534 0.639 1.123 2.612 1.062 6.451 5.109 1.569 1.102 2.821 1.037 1.137 2.926 2.985 2.985 6.279 1.384 6.904 3.064 0.941 1.062 1.345 1.082 0.115 0.825 0.94 1.597 1.164 2.1 2.239 4.832 5.452 5.27 6.194 3.581 2.898 2.997 2.987 5.964 
0.016 4.995 4.995 6.066 4.92 6.783 6.241 5.319 9.455 5.137 6.03 9.94 3.659 3.403 8.463 6.796 6.278 6.872 13.826 5.126 7.137 6.161 6.859 8.192 6.294 6.658 6.158 6.489 6.054 0 12.35 5.752 11.66 6.231 6.693 7.43 6.244 12.577 0.722 7.159 5.573 7.97 6.219 6.118 7.744 9.111 9.111 12.405 6.202 13.03 10.873 6.531 5.334 6.018 4.778 5.705 6.428 6.543 5.983 5.982 6.918 4.096 3.782 5.852 7.669 12.32 9.707 7.716 7.815 9.113 12.09 
11.574 6.994 6.994 6.786 6.93 6.418 6.098 6.796 3.143 6.614 6.75 3.628 10.434 9.176 9.044 6.431 5.47 5.287 2.617 6.599 4.742 5.742 5.604 10.953 5.457 5.403 6.043 5.241 5.736 11.557 0 6.075 4.401 6.116 5.555 7.065 5.412 1.368 10.834 4.764 6.636 6.574 5.86 5.966 7.379 3.272 3.272 0.86 5.783 1.485 7.517 5.026 6.596 6.19 6.807 5.851 5.671 5.789 6.703 5.774 6.553 7.964 10.557 10.628 10.018 0.775 3.395 6.885 7.45 5.101 0.348 
5.62 1.04 1.04 1.928 1.56 2.083 1.816 1.139 3.615 1.402 1.892 4.1 4.48 3.222 4.067 2.096 0.974 1.588 7.986 0.664 1.833 1.461 1.542 5.649 1.594 1.341 0.852 1.185 0.75 5.603 6.51 0 5.82 0.925 1.409 2.73 1.346 6.737 4.88 1.855 0.873 3.27 1.321 1.418 3.044 3.271 3.271 6.565 1.502 7.19 3.182 1.227 0.833 1.593 0.853 0.401 1.111 1.226 1.845 1.282 2.218 2.01 4.603 5.223 5.041 6.48 3.867 3.016 3.115 3.273 6.25 
9.506 4.926 4.926 4.718 4.862 4.35 4.03 4.728 0.845 4.546 4.682 0.17 8.366 7.108 6.976 4.363 3.402 3.219 4.569 4.531 2.674 3.674 3.536 8.885 3.389 3.335 3.975 3.173 3.668 9.489 3.093 4.007 0 4.048 3.487 3.101 3.344 3.32 8.766 2.696 4.568 2.504 3.792 3.898 5.311 1.06 1.06 3.148 3.715 3.773 5.449 2.958 4.528 4.122 4.739 3.783 3.603 3.721 4.635 3.706 4.485 5.896 8.489 8.56 7.95 3.063 0.403 2.815 5.382 1.098 2.833 
6.826 2.106 2.106 1.492 1.74 2.507 1.076 2.205 2.944 1.424 1.456 3.429 5.686 4.428 4.841 2.52 0.551 0.477 7.315 1.438 1.642 1.885 0.617 6.855 2.018 0.416 0.387 1.448 0.545 6.809 5.839 1.347 5.149 0 0.947 3.154 1.604 6.066 6.086 1.664 1.647 3.474 1.579 1.842 3.468 2.6 2.6 5.894 1.926 6.519 3.606 1.022 1.607 1.168 2.059 0.66 0.649 0.301 1.409 1.706 2.642 3.216 5.809 6.429 5.815 5.809 3.196 3.44 3.539 2.602 5.579 
6.988 2.268 2.268 1.369 1.902 2.672 0.543 2.367 2.877 1.586 1.333 3.362 5.848 4.59 5.187 2.685 0.716 0.41 7.248 1.602 1.575 2.05 0.55 7.017 2.29 0.349 0.551 1.474 0.709 6.971 5.772 1.512 5.082 0.627 0 3.319 1.632 5.999 6.248 1.597 2.073 3.407 1.744 2.007 3.633 2.533 2.533 5.827 2.091 6.452 3.771 1.185 2.033 0.635 2.221 0.824 0.116 0.234 1.286 1.871 2.807 3.378 5.971 6.591 6.161 5.742 3.129 3.605 3.704 2.535 5.512 
10.489 3.174 3.174 4.062 3.694 0.953 3.95 3.273 3.696 3.536 4.026 4.181 6.614 5.356 4.579 0.966 2.49 2.927 8.067 2.657 2.3 1.758 3.244 7.491 1.891 3.043 2.986 2.145 2.461 10.472 6.591 2.133 5.901 3.059 3.543 0 1.841 6.818 7.014 2.322 2.465 0.625 1.816 1.861 0.66 3.352 3.352 6.646 1.799 7.271 0.798 2.188 2.435 3.727 2.987 2.535 3.245 2.974 3.979 1.447 0.591 4.144 6.737 6.163 5.553 6.561 3.948 0.285 0.731 3.354 6.331 
6.431 1.851 1.851 2.739 2.371 0.99 2.627 1.95 2.741 2.213 2.703 3.226 5.291 4.033 3.616 1.003 1.167 1.604 7.112 1.334 1.06 0.314 1.921 5.525 0.447 1.72 1.663 0.761 1.138 6.414 5.636 0.81 4.946 1.736 2.22 1.637 0 5.863 5.691 1.082 1.371 1.871 0.432 0.538 1.951 2.397 2.397 5.691 0.355 6.316 2.089 0.804 1.331 2.404 1.664 1.212 1.922 1.651 2.656 0.346 1.125 2.821 5.414 5.2 4.59 5.606 2.993 1.923 2.022 2.399 5.376 
13.246 7.552 7.552 7.344 7.488 6.976 6.656 7.354 3.701 7.172 7.308 4.186 10.992 9.734 9.602 6.989 6.028 5.845 1.248 7.157 5.3 6.3 6.162 10.248 6.015 5.961 6.601 5.799 6.294 13.229 1.229 6.633 4.959 6.674 6.113 7.623 5.97 0 11.392 5.322 7.194 7.132 6.418 6.524 7.937 3.83 3.83 1.284 6.341 1.22 6.57 5.584 7.154 6.748 7.365 6.409 6.229 6.347 7.261 6.332 7.111 8.522 11.115 10.059 9.725 1.199 3.953 7.443 8.008 5.659 0.969 
0.739 4.272 4.272 5.343 4.197 6.06 5.518 4.596 8.732 4.414 5.307 9.217 2.936 2.68 7.74 6.073 5.555 6.149 13.103 4.403 6.414 5.438 6.136 7.469 5.571 5.935 5.435 5.766 5.331 0.722 11.627 5.029 10.937 5.508 5.97 6.707 5.521 11.854 0 6.436 4.85 7.247 5.496 5.395 7.021 8.388 8.388 11.682 5.479 12.307 10.15 5.808 4.611 5.295 4.055 4.982 5.705 5.82 5.26 5.259 6.195 3.373 3.059 5.129 6.946 11.597 8.984 6.993 7.092 8.39 11.367 
6.943 2.363 2.363 2.664 2.437 1.637 2.236 2.462 2.454 2.121 2.628 2.939 5.803 4.545 4.263 1.65 0.977 1.414 6.825 1.846 0.672 0.961 1.731 6.172 0.679 1.53 1.55 0.489 0.983 6.926 5.349 1.322 4.659 1.623 2.107 2.284 0.646 5.576 6.203 0 1.883 1.946 1.085 1.185 2.598 2.11 2.11 5.404 1.002 6.029 2.736 0.533 1.843 2.329 2.176 1.098 1.809 1.463 2.581 0.993 1.772 3.333 5.926 5.847 5.237 5.319 2.706 2.257 2.669 2.112 5.089 
5.709 1.675 1.675 2.563 2.195 1.665 2.451 1.774 3.722 2.037 2.527 4.207 4.569 3.311 3.573 1.678 1.192 1.629 8.093 0.422 2.052 1.043 1.946 5.482 1.176 1.745 1.487 1.403 0.962 5.692 6.617 0.634 5.927 1.56 2.044 2.312 1.126 6.844 4.969 2.074 0 2.852 1.101 1 2.626 3.378 3.378 6.672 1.084 7.297 2.764 1.446 0.215 2.228 0.989 1.036 1.746 1.44 2.48 0.864 1.8 2.099 4.692 5.157 4.547 6.587 3.974 2.598 2.697 3.38 6.357 
11.762 3.281 3.281 3.973 3.801 0.974 3.285 3.38 3.099 3.643 3.937 3.584 6.721 5.463 4.686 0.987 2.214 2.474 7.47 2.764 1.703 1.865 2.791 8.764 1.457 2.59 2.787 1.985 2.48 11.745 5.994 2.24 5.304 2.86 2.742 0.625 1.843 6.221 7.121 1.725 2.572 0 1.86 1.968 1.286 2.755 2.755 6.049 1.906 6.674 1.424 1.77 2.542 3.834 3.094 2.642 2.858 2.7 4.086 1.554 1.042 4.251 6.844 8.575 5.66 5.964 3.351 0.339 1.357 2.757 5.734 
6.456 1.876 1.876 2.764 2.396 1.015 2.652 1.975 2.658 2.238 2.728 3.143 5.316 4.058 3.641 1.028 1.192 1.629 7.029 1.359 0.977 0.339 1.946 5.55 0.472 1.745 1.688 0.786 1.163 6.439 5.553 0.835 4.863 1.761 2.245 1.662 0.024 5.78 5.716 0.999 1.396 1.788 0 0.563 1.976 2.314 2.314 5.608 0.38 6.233 2.114 0.829 1.356 2.429 1.689 1.237 1.947 1.676 2.681 0.371 1.15 2.846 5.439 5.225 4.615 5.523 2.91 1.948 2.047 2.316 5.293 
5.892 1.312 1.312 2.2 1.832 2.042 2.088 1.411 3.524 1.674 2.164 4.009 4.752 3.494 3.946 2.055 0.628 1.065 7.895 0.795 1.488 1.315 1.382 5.921 1.492 1.181 1.124 0.839 0.599 5.875 6.419 0.271 5.729 1.197 1.681 2.689 1 6.646 5.152 1.51 0.832 2.759 0.975 0 3.003 3.18 3.18 6.474 1.356 7.099 3.141 0.882 0.792 1.865 1.125 0.673 1.383 1.112 2.117 1.241 2.177 2.282 4.875 5.495 4.92 6.389 3.776 2.975 3.074 3.182 6.159 
10.067 3.488 3.488 4.376 4.008 1.267 4.264 3.587 4.196 3.85 4.34 4.681 6.928 5.67 4.893 1.28 2.804 3.241 8.567 2.971 2.8 2.072 3.558 7.069 2.205 3.357 3.3 2.459 2.775 10.05 7.091 2.447 6.401 3.373 3.857 0.66 2.155 7.318 10.475 2.822 2.779 1.286 2.13 2.175 0 3.852 3.852 7.146 2.113 7.771 0.376 2.502 2.749 4.041 3.301 2.849 3.559 3.288 4.293 1.761 1.149 4.458 7.051 6.88 6.546 7.061 4.448 0.946 0.238 3.854 6.831 
9.695 5.115 5.115 4.907 5.051 4.539 4.219 4.917 0.339 4.735 4.871 1.027 8.555 7.297 7.165 4.552 3.591 3.408 4.913 4.72 2.863 3.863 3.725 9.074 3.578 3.524 4.164 3.362 3.857 9.678 3.437 4.196 2.747 4.237 3.676 2.799 3.533 3.664 8.955 2.885 4.757 2.202 3.981 4.087 5.5 0 0 3.492 3.904 4.117 5.638 3.147 4.717 4.311 4.928 3.972 3.792 3.91 4.824 3.895 4.674 6.085 8.678 8.749 8.139 3.407 0.794 2.513 5.571 0.2 3.177 
9.695 5.115 5.115 4.907 5.051 4.539 4.219 4.917 0.339 4.735 4.871 1.027 8.555 7.297 7.165 4.552 3.591 3.408 4.913 4.72 2.863 3.863 3.725 9.074 3.578 3.524 4.164 3.362 3.857 9.678 3.437 4.196 2.747 4.237 3.676 2.799 3.533 3.664 8.955 2.885 4.757 2.202 3.981 4.087 5.5 0 0 3.492 3.904 4.117 5.638 3.147 4.717 4.311 4.928 3.972 3.792 3.91 4.824 3.895 4.674 6.085 8.678 8.749 8.139 3.407 0.794 2.513 5.571 0.2 3.177 
12.003 7.423 7.423 7.215 7.359 6.847 6.527 7.225 3.572 7.043 7.179 4.057 10.863 9.605 9.473 6.86 5.899 5.716 1.716 7.028 5.171 6.171 6.033 11.382 5.886 5.832 6.472 5.67 6.165 11.986 0.954 6.504 4.83 6.545 5.984 7.494 5.841 1.664 11.263 5.193 7.065 7.003 6.289 6.395 7.808 3.701 3.701 0 6.212 0.852 7.946 5.455 7.025 6.619 7.236 6.28 6.1 6.218 7.132 6.203 6.982 8.393 10.986 11.057 10.447 0.138 3.824 7.314 7.879 5.53 0.84 
6.625 2.045 2.045 2.933 2.565 1.184 2.821 2.144 2.769 2.407 2.897 3.254 5.485 4.227 3.81 1.197 1.361 2.144 7.14 1.528 1.373 0.508 2.461 5.719 0.223 2.26 1.857 0.955 1.332 6.608 5.664 1.004 4.974 1.93 2.412 1.831 0.651 5.891 5.885 1.395 1.565 1.899 0.626 0.732 2.145 2.425 2.425 5.719 0 6.344 2.283 0.998 1.525 2.598 1.858 1.406 2.116 1.845 2.85 0.54 1.319 3.015 5.608 5.394 4.784 5.634 3.021 2.21 2.216 2.427 5.404 
12.064 7.484 7.484 7.276 7.42 6.908 6.588 7.286 3.633 7.104 7.24 4.118 10.924 9.666 9.534 6.921 5.96 5.777 1.335 7.089 5.232 6.232 6.094 11.443 5.947 5.893 6.533 5.731 6.226 12.047 1.161 6.565 4.891 6.606 6.045 7.555 5.902 1.283 11.324 5.254 7.126 7.064 6.35 6.456 7.869 3.762 3.762 0.51 6.273 0 8.007 5.516 7.086 6.68 7.297 6.341 6.161 6.279 7.193 6.264 7.043 8.454 11.047 11.118 10.508 0.649 3.885 7.375 7.94 5.591 0.901 
9.813 3.626 3.626 4.514 4.146 1.405 4.402 3.725 4.334 3.988 4.478 4.819 7.066 5.808 5.031 1.418 2.942 3.379 8.705 3.109 2.938 2.21 3.696 6.815 2.343 3.495 3.438 2.597 2.913 9.796 7.229 2.585 6.539 3.511 3.995 0.798 2.293 7.456 10.221 2.96 2.917 1.424 2.268 2.313 0.376 3.99 3.99 7.284 2.251 7.909 0 2.64 2.887 4.179 3.439 2.987 3.697 3.426 4.431 1.899 1.287 4.596 7.189 6.626 6.292 7.199 4.586 1.084 0.137 3.992 6.969 
6.548 1.968 1.968 2.131 1.904 2.209 1.703 1.77 2.389 1.588 2.095 2.874 5.408 4.15 4.724 2.222 0.444 0.881 6.76 1.573 0.755 1.153 1.198 6.577 1.33 0.997 1.017 0.575 0.71 6.531 5.284 1.049 4.594 1.09 1.574 2.856 0.838 5.511 5.808 0.777 1.61 2.587 0.813 0.913 3.17 2.045 2.045 5.339 1.194 5.964 3.308 0 1.57 1.796 1.781 0.825 1.276 0.93 2.048 1.185 2.344 2.938 5.531 6.151 5.698 5.254 2.641 2.898 3.241 2.047 5.024 
5.494 1.419 1.419 2.307 1.939 1.45 2.195 1.518 3.507 1.781 2.271 3.992 4.354 3.096 3.358 1.463 0.977 1.414 7.878 0.207 1.837 0.828 1.731 5.267 0.961 1.53 1.231 1.188 0.747 5.477 6.402 0.419 5.712 1.304 1.788 2.097 0.911 6.629 4.754 1.859 0.244 2.637 0.886 0.785 2.411 3.163 3.163 6.457 0.869 7.082 2.549 1.231 0 1.972 0.774 0.78 1.49 1.225 2.224 0.649 1.585 1.884 4.477 4.942 4.332 6.372 3.759 2.383 2.482 3.165 6.142 
6.817 2.097 2.097 1.483 1.731 2.968 0.371 2.196 3.469 1.415 1.447 3.954 5.677 4.419 5.297 2.981 1.008 0.886 7.84 1.894 2.167 2.346 0.84 6.846 2.479 0.639 0.845 1.907 1.004 6.8 6.364 1.808 5.674 0.456 0.707 3.615 2.065 6.591 6.077 2.189 2.103 3.999 2.04 2.303 3.929 3.125 3.125 6.419 2.387 7.044 4.067 1.481 2.063 0 2.05 1.119 0.409 0.524 1.4 2.167 3.103 3.207 5.8 6.42 6.271 6.334 3.721 3.901 4 3.127 6.104 
4.767 0.687 0.687 1.575 1.207 2.005 1.463 0.786 4.677 1.049 1.539 5.162 3.627 2.369 3.964 2.018 1.5 2.094 9.048 0.586 2.359 1.383 2.081 4.796 1.516 1.88 1.38 1.711 1.276 4.75 7.572 0.974 6.882 1.453 1.915 2.652 1.466 7.799 4.027 2.381 0.795 3.192 1.441 1.34 2.966 4.333 4.333 7.627 1.424 8.252 3.104 1.753 0.755 1.24 0 0.927 1.65 1.765 1.492 1.204 2.14 1.157 3.75 4.37 4.828 7.542 4.929 2.938 3.037 4.335 7.312 
5.722 1.142 1.142 1.565 1.338 2.313 1.137 1.241 3.214 1.022 1.529 3.699 4.582 3.324 4.644 2.326 0.613 1.187 7.585 1.241 1.432 1.691 1.141 5.751 1.824 0.94 0.451 1.252 0.349 5.705 6.109 1.153 5.419 0.524 1.008 2.96 1.41 6.336 4.982 1.454 1.45 3.264 1.385 1.485 3.274 2.87 2.87 6.164 1.732 6.789 3.412 0.826 1.41 1.23 0.955 0 0.71 0.825 1.482 1.512 2.448 2.112 4.705 5.325 5.618 6.079 3.466 3.246 3.345 2.872 5.849 
6.872 2.152 2.152 1.253 1.786 3.023 0.427 2.251 3.06 1.47 1.217 3.545 5.732 4.474 5.352 3.036 1.014 0.477 7.431 1.949 1.758 2.13 0.635 6.901 2.473 0.416 0.9 1.657 1.059 6.855 5.955 1.863 5.265 0.511 0.298 3.67 1.815 6.182 6.132 1.78 2.158 3.59 1.856 1.956 3.984 2.716 2.716 6.01 2.171 6.635 4.122 1.442 2.118 0.519 2.105 1.174 0 0.532 1.17 2.222 3.158 3.262 5.855 6.475 6.326 5.925 3.312 3.901 4.055 2.718 5.695 
6.899 2.5 2.5 1.498 2.133 2.438 0.81 1.999 2.643 1.817 1.462 3.128 5.759 4.501 4.953 2.451 0.482 0.176 7.014 1.802 1.341 1.816 0.316 6.928 2.056 0.115 0.781 1.24 0.939 6.882 5.538 1.278 4.848 0.857 0.267 3.085 1.398 5.765 6.159 1.363 1.839 3.173 1.51 1.773 3.399 2.299 2.299 5.593 1.857 6.218 3.537 0.951 1.799 0.902 2.132 1.054 0.383 0 1.415 1.637 2.573 3.289 5.882 6.502 5.927 5.508 2.895 3.371 3.47 2.301 5.278 
5.665 1.085 1.085 0.083 1.01 3.594 0.815 0.876 4.029 0.694 0.047 4.514 5.121 2.838 5.47 3.607 1.601 1.446 8.4 2.175 2.727 2.972 1.433 6.29 3.105 1.385 1.438 2.565 1.597 5.648 6.924 2.469 6.234 1.049 1.267 4.241 2.726 7.151 4.925 2.749 2.384 4.485 2.701 2.801 4.555 3.685 3.685 6.979 3.013 7.604 4.693 2.074 2.344 0.592 1.494 1.781 1.002 1.117 0 2.793 3.729 1.807 5.244 5.864 6.322 6.894 4.281 4.527 4.626 3.687 6.664 
6.306 1.726 1.726 2.614 2.246 0.8 2.502 1.825 2.989 2.088 2.578 3.474 5.166 3.908 3.426 0.813 1.042 1.479 7.36 1.209 1.593 0.31 1.796 5.335 0.443 1.595 1.538 0.697 1.013 6.289 5.884 0.685 5.194 1.611 2.095 1.447 0.393 6.111 5.566 1.615 1.246 1.509 0.368 0.413 1.761 2.645 2.645 5.939 0.351 6.564 1.899 0.74 1.282 2.279 1.539 1.087 1.797 1.526 2.531 0 0.935 2.696 5.289 5.01 4.4 5.854 3.241 1.733 1.832 2.647 5.624 
7.279 2.699 2.699 3.587 3.219 0.183 3.475 2.798 3.112 3.061 3.551 3.597 6.139 4.881 4.104 0.196 2.015 2.487 7.483 2.182 1.716 1.283 2.804 6.013 1.002 2.603 2.511 1.67 1.986 7.262 6.007 1.658 5.317 2.584 3.068 0.555 1.366 6.234 6.539 1.738 1.99 0.939 1.341 1.386 1.149 2.768 2.768 6.062 1.324 6.687 1.287 1.713 1.96 3.252 2.512 2.06 2.77 2.499 3.504 0.972 0 3.669 6.262 5.688 5.078 5.977 3.364 0.644 1.22 2.77 5.747 
3.759 1.311 1.311 2.382 1.236 3.21 2.57 1.635 5.861 1.453 2.346 6.346 2.873 0.932 4.332 3.223 2.705 3.278 10.232 1.791 3.564 2.588 3.286 4.597 2.721 3.217 2.585 2.916 2.481 3.742 8.756 2.179 8.066 2.658 3.099 3.857 2.671 8.983 3.019 3.586 2 4.397 2.646 2.545 4.171 5.517 5.517 8.811 2.629 9.436 4.309 2.958 1.96 2.445 1.205 2.132 2.855 2.97 2.299 2.409 3.345 0 2.996 4.171 4.629 8.726 6.113 4.143 4.242 5.519 8.496 
1.489 5.53 5.53 6.601 5.455 7.318 6.776 5.854 9.99 5.672 6.565 10.475 4.411 3.938 7.624 7.331 6.813 7.407 13.651 5.661 7.672 6.696 7.394 7.353 6.829 7.193 6.693 7.024 6.589 1.472 12.885 6.287 12.195 6.766 7.228 7.965 6.779 13.112 1.897 7.694 6.108 8.505 6.754 6.653 8.279 9.646 9.646 12.94 6.737 13.565 10.034 7.066 5.869 6.553 5.313 6.24 6.963 7.078 6.518 6.517 7.453 4.631 0 7.164 6.83 12.855 10.242 8.251 8.35 9.648 12.625 
7.096 4.945 4.945 5.833 4.936 5.486 5.721 5.044 8.935 5.307 5.797 9.42 4.695 3.437 1.714 5.499 5.758 6.352 13.306 4.606 6.617 5.641 6.339 0.535 5.774 6.138 5.638 5.969 5.534 7.079 11.83 5.232 11.14 5.711 6.173 6.133 5.724 12.057 7.504 6.639 5.053 6.195 5.699 5.598 6.447 8.591 8.591 11.885 5.682 12.51 6.062 6.011 4.814 5.498 4.258 5.185 5.908 6.023 5.75 4.98 5.621 4.031 4.818 0 0.832 11.8 9.187 6.419 6.518 8.593 11.57 
6.811 5.403 5.403 6.291 5.394 4.875 6.179 5.502 7.359 5.765 6.255 7.844 5.153 3.895 1.207 4.888 5.084 6.81 11.73 4.33 5.963 4.68 5.838 1.027 4.813 5.637 5.354 5.067 4.854 6.794 10.254 4.526 9.564 5.427 6.631 5.522 4.763 10.481 7.219 5.985 4.137 5.584 4.738 4.783 5.836 7.015 7.015 10.309 4.721 10.934 5.777 5.11 4.107 5.956 4.716 4.903 5.613 5.332 6.208 4.369 5.01 4.489 5.276 0.786 0 10.224 7.611 5.808 5.907 7.017 9.994 
11.864 7.284 7.284 7.076 7.22 6.708 6.388 7.086 3.433 6.904 7.04 3.918 10.724 9.466 9.334 6.721 5.76 5.577 1.577 6.889 5.032 6.032 5.894 11.243 5.747 5.693 6.333 5.531 6.026 11.847 0.815 6.365 4.691 6.406 5.845 7.355 5.702 1.525 11.124 5.054 6.926 6.864 6.15 6.256 7.669 3.562 3.562 0.31 6.073 0.713 7.807 5.316 6.886 6.48 7.097 6.141 5.961 6.079 6.993 6.064 6.843 8.254 10.847 10.918 10.308 0 3.685 7.175 7.74 5.391 0.701 
9.102 4.522 4.522 4.314 4.458 3.946 3.626 4.324 0.671 4.142 4.278 0.232 7.962 6.704 6.572 3.959 2.998 2.815 4.165 4.127 2.27 3.27 3.132 8.481 2.985 2.931 3.571 2.769 3.264 9.085 2.689 3.603 1.999 3.644 3.083 4.593 2.94 2.916 8.362 2.292 4.164 4.102 3.388 3.494 4.907 0.8 0.8 2.744 3.311 3.369 5.045 2.554 4.124 3.718 4.335 3.379 3.199 3.317 4.231 3.302 4.081 5.492 8.085 8.156 7.546 2.659 0 4.413 4.978 2.629 2.429 
10.775 3.46 3.46 4.348 3.98 0.679 4.236 3.559 3.41 3.822 4.312 3.895 6.9 5.642 4.865 0.692 2.776 2.785 7.781 2.943 2.014 2.044 3.102 7.777 1.326 2.901 3.272 2.431 2.747 10.758 6.305 2.419 5.615 3.345 3.053 0.285 2.127 6.532 7.3 2.036 2.751 0.339 2.102 2.147 0.946 3.066 3.066 6.36 2.085 6.985 1.084 2.081 2.721 4.013 3.273 2.821 3.531 3.26 4.265 1.733 0.702 4.43 7.023 6.449 5.839 6.275 3.662 0 1.017 3.068 6.045 
9.828 3.494 3.494 4.382 4.014 1.273 4.27 3.593 4.202 3.856 4.346 4.687 6.934 5.676 4.899 1.286 2.81 3.247 7.212 2.977 2.806 2.078 3.564 6.83 2.211 3.363 3.306 2.465 2.781 9.811 7.097 2.453 6.407 3.379 3.863 0.666 2.161 7.324 10.236 2.828 2.785 1.292 2.136 2.181 0.238 3.858 3.858 7.152 2.119 7.777 0.137 2.508 2.755 4.047 3.307 2.855 3.565 3.294 4.299 1.767 1.155 4.464 7.057 6.641 6.307 7.067 4.454 0.952 0 3.86 6.837 
9.494 4.914 4.914 4.706 4.85 4.338 4.018 4.716 0.341 4.534 4.67 0.826 8.354 7.096 6.964 4.351 3.39 3.207 4.712 4.519 2.662 3.662 3.524 8.873 3.377 3.323 3.963 3.161 3.656 9.477 3.236 3.995 2.546 4.036 3.475 4.985 3.332 3.463 8.754 2.684 4.556 2.206 3.78 3.886 5.299 0.47 0.47 3.291 3.703 3.916 5.437 2.946 4.516 4.11 4.727 3.771 3.591 3.709 4.623 3.694 4.473 5.884 8.477 8.548 7.938 3.206 0.593 2.517 5.37 0 2.976 
11.774 7.194 7.194 6.986 7.13 6.618 6.298 6.996 3.343 6.814 6.95 3.828 10.634 9.376 9.244 6.631 5.67 5.487 2 6.799 4.942 5.942 5.804 11.153 5.657 5.603 6.243 5.441 5.936 11.757 0.259 6.275 4.601 6.316 5.755 7.265 5.612 1.568 11.034 4.964 6.836 6.774 6.06 6.166 7.579 3.472 3.472 0.511 5.983 1.136 7.717 5.226 6.796 6.39 7.007 6.051 5.871 5.989 6.903 5.974 6.753 8.164 10.757 10.828 10.218 0.426 3.595 7.085 7.65 5.301 0 
