/* # customers */
75
/* # parking sites */
25
/* # clusters [considering cluster 0 for the depot]*/
22
/* # Trucks */
4
/* Truck capacity [kg] */
5000
/* working shift [min] */
540
/* Service time [min] */
12
/* # Service days */
6
/* # Delivery patterns */
11
/* Description of depot: [id] [coordenate x] [coordenate y] */
0	-33.049	-71.5088
/* Description of customers: [id] [coordenate x] [coordenate y] [required frequency] [demand kg] */
1	-33.0246	-71.5481	6	15958
2	-33.0246	-71.5481	6	2587
3	-33.0242	-71.5576	4	1978
4	-33.0252	-71.5482	4	1121
5	-33.0248	-71.5485	6	1094
6	-33.0245	-71.5475	6	901
7	-33.0253	-71.549	4	404
8	-33.0252	-71.5482	2	381
9	-33.0079	-71.5392	1	344
10	-33.0208	-71.5567	2	330
11	-33.0192	-71.5614	2	312
12	-33.0234	-71.5513	3	309
13	-32.9959	-71.5462	2	308
14	-33.025	-71.5511	2	305
15	-33.0241	-71.5579	4	290
16	-32.9917	-71.5445	2	284
17	-33.0434	-71.5167	2	255
18	-33.023	-71.557	3	239
19	-33.0251	-71.5595	2	234
21	-33.0329	-71.5365	1	212
22	-33.0207	-71.5223	2	194
23	-33.008	-71.5395	2	190
26	-33.0184	-71.558	1	176
27	-33.0151	-71.5511	3	172
28	-33.0149	-71.5555	1	167
29	-32.9661	-71.5297	3	154
30	-33.0249	-71.5525	1	154
33	-33.0227	-71.5144	2	135
35	-33.0193	-71.5428	2	132
36	-33.0087	-71.5477	3	127
37	-33.0118	-71.5413	2	127
38	-33.0169	-71.558	2	124
39	-33.029	-71.5124	2	111
40	-33.0562	-71.4953	2	110
41	-33.024	-71.5538	3	109
42	-33.0237	-71.5523	3	108
43	-33.0115	-71.5428	2	107
44	-33.0154	-71.5564	2	107
45	-33.0164	-71.5517	1	96
46	-33.0239	-71.559	2	95
48	-33.0123	-71.549	2	94
50	-33.0176	-71.5492	1	89
51	-33.029	-71.5166	2	88
53	-33.0336	-71.533	1	88
54	-33.0484	-71.5083	3	86
55	-32.9703	-71.5446	2	85
57	-33.0212	-71.5152	2	79
59	-33.0178	-71.5462	1	74
60	-32.99	-71.5438	2	74
62	-33.0173	-71.5508	2	71
64	-33.0174	-71.5543	2	71
66	-33.0306	-71.5169	2	68
67	-33.0165	-71.5567	3	66
70	-33.0038	-71.5354	1	63
72	-33.0119	-71.544	2	63
73	-32.9727	-71.5365	1	62
75	-33.0212	-71.554	2	61
78	-33.0296	-71.5315	1	59
81	-33.0088	-71.5478	2	54
87	-33.0178	-71.5417	2	47
89	-33.0231	-71.5657	2	47
90	-33.0019	-71.5415	2	46
94	-33.0196	-71.5578	1	44
95	-33.0183	-71.5518	1	44
100	-33.0121	-71.5441	2	42
110	-33.0157	-71.5447	2	32
119	-33.0065	-71.5303	1	26
120	-33.0281	-71.543	2	25
121	-32.9975	-71.5464	3	25
122	-32.9975	-71.5464	2	24
130	-33.017	-71.5526	1	22
134	-33.0213	-71.5515	1	22
136	-33.0115	-71.5411	1	22
141	-32.9714	-71.538	1	21
142	-33.0061	-71.5278	1	21
/* Description of parking sites: [id] [coordenate x] [coordenate y] */
147	-33.0122	-71.5494
148	-33.0176	-71.5424
149	-33.0203	-71.5562
150	-33.0232	-71.5452
151	-33.0186	-71.5494
152	-33.0176	-71.5568
153	-33.0157	-71.5552
154	-33.0191	-71.5597
155	-33.0242	-71.5585
157	-33.013	-71.5417
158	-33.0073	-71.5382
159	-33.0085	-71.546
160	-33.0289	-71.5402
162	-33.0442	-71.5146
163	-33.0288	-71.5152
165	-33.0239	-71.5137
166	-32.9713	-71.5406
167	-32.991	-71.5468
168	-33.0535	-71.4955
171	-33.0232	-71.5644
172	-33.0029	-71.5382
173	-33.0108	-71.5449
174	-33.006	-71.5293
175	-32.9963	-71.5477
176	-32.9711	-71.5439
/* Matrix of clusters for parking sites [first of each row correspond to the cluster id]*/
0	0	-1
1	162	-1
2	168	-1
3	163	-1
4	165	-1
5	160	-1
6	150	-1
7	155	-1
8	149	154	-1
9	171	-1
10	152	153	-1
11	151	-1
12	148	-1
13	157	173	-1
14	147	159	-1
15	158	-1
16	172	-1
17	174	-1
18	175	-1
19	167	-1
20	176	-1
21	166	-1
/* Matrix of clusters for customer locations [first of each row correspond to the cluster id]*/
0	0	-1
1	17	54	-1
2	40	-1
3	39	51	66	-1
4	22	33	57	-1
5	21	53	78	120	-1
6	1	2	4	5	6	7	8	-1
7	3	12	14	15	18	19	30	41	42	46	-1
8	10	11	26	75	94	134	-1
9	89	-1
10	28	38	44	64	67	-1
11	27	45	50	62	95	130	-1
12	35	59	87	110	-1
13	37	43	72	100	136	-1
14	36	48	81	-1
15	9	23	-1
16	70	90	-1
17	119	142	-1
18	13	121	122	-1
19	16	60	-1
20	55	-1
21	29	73	141	-1
/* Matrix of service patterns [delivery patterns] x [service days] */
1	0	0	0	0	0	
0	0	1	0	0	0	
0	1	0	1	0	0	
1	0	1	0	0	0	
1	0	1	0	1	0	
0	1	0	1	0	1	
1	0	1	0	1	1	
0	1	0	1	1	1	
1	1	0	1	1	1	
0	1	1	1	1	1	
1	1	1	1	1	1	
/* Transportation matrix [km] ([all nodes] x [all nodes]) */
0 10 10 12 10 10 10 9 10 13 12 13 11 17 10 12 19 6 11 11 8 15 13 12 12 13 25 11 13 10 14 12 14 16 3 11 11 12 13 12 12 13 12 13 8 0 21 15 11 24 12 12 14 13 14 12 21 11 8 14 11 14 16 12 11 12 12 15 8 17 17 13 10 12 24 16 12 11 11 9 11 12 12 13 12 11 13 13 8 6 14 14 21 17 13 13 15 13 15 16 20 
10 0 0 3 2 0 1 1 2 6 4 5 1 10 2 3 11 7 4 3 6 9 6 4 5 5 18 1 11 3 6 5 6 13 13 1 1 5 6 4 3 6 4 10 6 10 13 10 4 16 4 4 12 5 7 5 14 4 5 6 4 5 9 4 4 5 4 8 2 9 9 5 4 5 16 8 5 4 3 1 4 4 5 5 2 4 6 6 3 7 11 12 13 10 18 5 8 6 8 8 13 
10 0 0 3 2 0 1 1 2 6 4 5 1 10 2 3 11 7 4 3 6 9 6 4 5 5 18 1 11 3 6 5 6 13 13 1 1 5 6 4 3 6 4 10 6 10 13 10 4 16 4 4 12 5 7 5 14 4 5 6 4 5 9 4 4 5 4 8 2 9 9 5 4 5 16 8 5 4 3 1 4 4 5 5 2 4 6 6 3 7 11 12 13 10 18 5 8 6 8 8 13 
11 2 2 0 2 2 3 3 2 8 2 4 2 8 2 1 10 8 3 2 6 11 8 3 5 4 16 2 13 5 6 7 5 14 14 2 2 7 4 4 2 6 4 11 6 11 12 12 5 14 4 3 13 4 9 6 12 2 6 6 6 4 10 2 4 6 6 10 3 8 8 4 3 7 15 10 5 6 2 3 4 3 3 4 1 6 8 6 4 8 12 13 12 8 19 3 10 7 10 7 11 
10 0 0 3 0 0 1 1 3 6 4 5 1 10 2 3 11 7 4 3 6 10 6 4 5 5 18 1 12 4 7 5 6 13 14 2 2 5 6 5 4 6 4 10 6 10 14 11 4 16 5 5 12 5 7 5 14 4 5 7 4 5 9 4 4 5 5 8 3 9 9 6 4 5 16 8 5 4 4 2 4 5 5 6 3 4 6 6 3 7 11 12 13 10 18 5 8 6 8 9 13 
10 1 1 3 2 0 1 0 2 6 4 5 1 10 2 2 11 7 4 3 6 9 6 4 5 5 17 1 11 3 6 5 6 13 13 1 1 5 6 4 3 6 4 10 5 10 13 10 4 16 4 4 11 5 7 5 14 4 5 6 4 5 9 4 4 5 4 8 2 9 9 5 4 5 16 8 5 4 3 1 4 4 5 5 2 4 6 6 3 7 11 12 13 10 18 5 8 6 8 8 13 
10 0 0 3 2 0 0 1 2 6 4 5 1 10 2 3 11 7 4 3 5 9 6 4 5 5 18 1 11 3 6 5 6 13 13 2 1 5 6 4 4 6 4 10 5 10 13 10 4 16 4 5 12 5 7 5 14 4 5 7 4 5 9 4 4 5 4 8 2 9 9 6 4 5 16 8 5 4 4 1 4 5 5 6 2 4 6 6 2 7 11 12 13 10 18 5 8 6 8 9 13 
10 1 1 3 2 1 1 0 2 6 5 6 2 10 1 3 12 7 5 2 6 9 6 5 6 6 18 2 11 3 7 5 7 13 13 2 2 5 6 5 3 6 5 10 6 10 14 10 4 16 5 5 12 6 7 5 14 4 5 7 4 5 9 4 5 5 4 8 3 10 10 6 4 5 17 8 6 4 4 1 4 5 6 6 3 4 6 6 3 7 11 12 14 10 18 5 8 6 8 9 13 
10 0 0 3 0 0 1 1 0 6 4 5 1 10 2 3 11 7 4 3 6 10 6 4 5 5 18 1 12 4 7 5 6 13 14 2 2 5 6 5 4 6 4 10 6 10 14 11 4 16 5 5 12 5 7 5 14 4 5 7 4 5 9 4 4 5 5 8 3 9 9 6 4 5 16 8 5 4 4 2 4 5 5 6 3 4 6 6 3 7 11 12 13 10 18 5 8 6 8 9 13 
14 6 6 7 7 6 6 6 7 0 6 7 6 6 7 7 7 10 6 8 9 8 0 7 4 5 14 6 10 4 4 2 6 14 17 6 6 2 5 5 8 4 4 11 9 14 10 9 3 12 5 5 13 6 2 3 10 6 8 4 5 10 3 6 4 3 2 4 7 5 5 5 5 2 12 4 4 4 6 5 4 5 5 6 7 2 0 3 7 10 12 11 10 6 21 9 2 3 4 5 9 
12 4 4 3 4 4 4 4 4 7 0 3 4 7 4 3 8 9 3 4 8 11 7 2 3 2 15 3 13 5 5 6 3 15 15 3 3 6 2 2 4 5 3 12 8 12 10 12 4 13 2 2 14 2 8 6 11 1 7 5 5 6 9 2 2 5 6 9 6 6 6 2 2 6 13 9 4 5 0 4 3 1 2 3 3 5 7 5 6 9 13 14 10 7 20 6 9 6 9 6 10 
13 5 5 3 5 5 5 5 5 8 3 0 5 7 4 3 8 10 3 3 8 12 8 2 3 2 15 4 14 6 5 6 2 16 16 4 4 6 2 4 3 5 4 13 8 13 10 14 5 13 4 3 14 2 9 6 11 3 8 5 6 4 9 2 4 6 6 9 6 6 6 3 4 6 13 10 4 6 3 4 4 2 2 2 3 6 8 5 7 10 14 15 10 7 21 4 9 6 9 6 10 
12 2 2 2 2 2 3 3 2 8 3 5 0 9 1 2 10 9 4 2 6 11 8 4 4 5 17 1 13 5 6 6 6 15 15 1 0 7 5 4 3 5 3 12 6 12 13 12 5 15 4 4 14 4 9 6 13 3 7 6 5 4 10 3 3 6 6 9 3 8 8 5 4 6 16 10 4 5 3 3 4 4 4 5 2 6 8 6 4 9 13 14 12 9 20 4 9 6 9 8 12 
20 12 12 11 12 12 12 12 12 10 10 9 12 0 12 11 4 16 11 12 16 16 10 9 8 7 10 11 17 11 6 9 7 21 23 11 11 8 7 9 11 8 8 19 16 20 6 16 9 9 9 9 20 8 10 8 7 10 14 6 11 12 9 10 8 9 9 12 13 1 1 9 10 9 9 12 7 11 10 11 9 8 9 8 11 9 10 6 14 17 20 18 6 3 27 12 9 7 12 2 6 
12 2 2 2 2 2 3 3 2 8 4 5 1 9 0 2 11 9 4 3 6 11 8 4 4 5 17 1 13 5 6 7 6 15 15 1 1 7 6 4 3 6 4 12 6 12 13 12 5 16 4 4 14 5 9 6 13 4 7 6 6 5 10 3 3 6 6 10 3 8 8 5 4 7 16 10 5 6 3 3 4 4 4 5 2 6 8 6 4 9 13 14 13 9 20 4 10 7 10 8 12 
11 2 2 0 2 2 3 3 2 8 3 4 2 8 2 0 10 8 3 2 6 11 8 3 5 4 16 2 13 5 6 7 5 14 14 3 2 7 4 4 2 6 4 11 6 11 12 12 5 15 4 3 13 4 9 6 12 2 6 6 6 4 10 2 4 6 6 10 4 8 8 4 3 7 15 10 6 6 2 3 4 3 4 4 1 6 8 6 4 8 12 14 12 8 19 3 10 7 10 7 11 
20 12 12 11 12 12 12 12 12 10 10 8 12 5 11 11 0 16 11 11 15 15 11 9 7 7 10 11 17 10 6 8 7 21 23 11 11 8 7 9 11 7 8 18 16 20 5 16 9 8 9 9 20 8 12 8 6 10 14 6 11 12 10 10 8 9 9 12 13 6 6 9 10 8 8 13 6 11 10 11 8 8 9 8 11 8 10 6 13 16 20 18 5 1 27 12 11 7 12 6 5 
7 8 8 10 8 8 8 8 8 11 10 11 9 16 8 10 17 0 10 9 6 12 12 10 11 11 23 9 13 8 12 10 12 14 10 10 9 10 11 10 10 11 10 11 6 7 19 13 10 22 10 10 13 11 13 10 20 9 6 12 9 12 14 10 10 10 10 13 6 15 15 11 9 10 22 14 11 9 9 7 9 10 11 11 10 10 12 11 6 4 12 13 19 16 15 12 13 11 13 14 19 
12 3 3 1 3 3 4 4 3 9 3 4 3 8 2 1 9 9 0 1 7 12 9 3 5 3 16 3 14 6 6 8 5 15 15 3 3 8 4 4 2 6 5 12 6 12 12 13 6 14 4 4 14 3 10 7 12 3 7 6 6 3 10 2 5 7 7 10 4 7 7 4 4 8 14 11 6 6 3 4 5 4 4 4 1 7 9 6 5 9 13 14 11 8 20 3 11 7 10 7 11 
12 3 3 1 3 3 4 4 3 9 3 4 3 8 2 1 9 9 2 0 7 12 9 3 5 4 16 3 13 6 6 8 5 15 15 3 3 8 4 5 1 6 5 12 6 12 12 12 6 14 5 4 14 3 10 7 12 3 7 6 6 3 10 2 5 7 7 10 4 7 7 5 4 8 14 11 6 6 3 4 5 4 4 4 1 7 9 6 5 9 13 14 11 8 20 2 11 7 10 7 11 
7 5 5 7 5 6 6 5 5 9 8 9 6 13 6 7 15 4 7 7 0 10 9 8 8 9 21 7 11 6 10 8 10 12 10 7 7 8 9 8 7 9 8 9 1 7 17 11 7 20 8 8 10 9 10 8 17 7 4 10 7 10 12 8 7 8 8 11 4 13 13 9 6 8 20 11 8 7 7 5 7 8 8 9 7 7 9 9 4 4 10 11 17 13 15 9 11 9 11 12 16 
13 10 10 11 11 10 10 10 11 8 11 12 10 13 11 11 14 10 11 12 9 0 9 11 9 11 21 11 3 8 11 8 12 6 16 11 11 8 11 10 12 10 9 4 9 13 17 2 8 19 10 10 5 11 10 8 17 10 6 11 7 14 11 11 9 8 8 10 10 12 12 10 10 8 20 11 10 7 10 8 9 10 10 12 11 7 9 10 9 10 5 3 17 13 21 14 10 9 10 12 16 
14 6 6 8 8 6 6 6 8 1 7 7 6 6 7 7 7 11 7 8 10 9 0 7 4 5 14 7 10 5 4 3 6 14 17 7 7 2 5 5 8 4 4 12 10 14 10 10 3 12 5 5 13 6 3 3 10 6 9 4 5 10 3 7 5 3 3 4 8 5 5 6 6 3 12 5 4 5 6 5 4 6 6 6 7 2 1 3 8 11 13 11 10 6 21 10 3 3 4 5 9 
13 5 5 4 5 5 4 4 5 7 1 3 5 6 4 4 8 10 3 5 8 11 7 0 2 2 14 4 13 5 5 5 3 16 16 4 4 6 2 2 4 4 2 13 9 13 10 12 4 13 2 1 14 2 8 5 10 2 8 5 5 6 9 2 2 5 5 8 6 6 6 2 2 6 13 9 3 5 1 4 3 1 1 2 4 5 7 5 6 10 14 14 10 6 20 5 8 6 8 5 10 
13 5 5 5 5 5 4 4 5 4 3 3 5 6 4 5 7 9 4 5 8 9 5 3 0 2 13 4 11 3 3 3 2 15 16 4 4 4 2 2 5 2 1 12 8 13 9 10 2 12 2 2 14 3 6 3 9 3 7 3 4 7 7 4 1 3 3 6 6 5 5 2 3 3 12 7 1 4 3 4 1 2 1 3 4 3 5 3 6 9 14 12 9 5 20 6 6 4 6 4 8 
14 6 6 4 6 6 6 6 6 6 3 2 6 5 6 4 6 11 4 4 10 11 7 2 2 0 12 6 13 5 3 5 0 17 18 5 5 4 0 2 4 3 3 14 9 14 8 12 4 11 2 3 16 1 8 4 8 4 9 3 5 5 7 3 3 4 4 8 8 4 4 2 4 5 11 9 2 5 3 6 3 1 2 1 4 5 7 3 8 11 15 14 8 4 22 5 8 4 8 3 8 
26 18 18 17 18 18 18 18 18 17 16 15 18 11 18 17 13 23 18 18 22 22 17 15 14 13 0 17 24 17 12 15 14 26 29 17 17 14 14 15 17 14 15 25 22 26 6 23 15 15 15 15 26 14 18 14 4 17 21 13 17 18 17 16 15 15 15 18 20 12 12 15 16 15 5 18 13 17 16 18 15 15 15 15 17 15 17 13 20 23 25 24 5 12 34 18 18 14 18 12 6 
11 1 1 3 1 1 2 2 1 7 4 5 1 10 0 3 11 8 4 2 5 10 7 4 5 5 18 0 12 4 7 6 6 14 14 2 1 6 6 5 2 6 4 11 5 11 13 12 5 16 4 5 13 5 8 6 14 4 6 7 5 5 10 4 4 6 6 9 2 9 9 6 4 6 16 9 5 5 4 2 4 5 5 6 2 5 7 7 3 8 12 13 13 10 19 4 9 7 9 9 13 
11 12 12 13 13 12 12 12 13 10 12 14 12 15 13 13 16 12 12 14 11 3 11 13 11 13 23 12 0 10 13 10 13 4 14 13 12 10 13 12 14 11 11 4 11 11 19 1 10 21 12 12 5 13 12 10 19 12 8 13 9 16 13 12 11 10 10 12 11 14 14 12 11 10 22 13 12 9 12 10 11 12 12 14 13 9 10 12 11 12 3 1 18 15 21 15 12 11 12 14 18 
11 4 4 5 5 4 4 4 5 4 4 6 4 8 5 5 9 7 4 6 6 7 4 5 3 5 15 4 9 0 5 3 5 12 14 4 4 3 5 3 6 4 3 10 7 11 11 8 2 14 3 3 11 4 5 3 12 4 5 5 1 8 6 4 3 3 2 6 5 7 7 4 3 3 14 6 4 0 4 2 2 4 4 5 5 2 4 4 4 8 11 9 11 8 18 7 6 3 6 6 11 
14 6 6 7 7 6 6 6 7 4 6 6 7 6 6 7 7 11 6 7 10 10 5 6 2 4 14 6 12 5 0 3 5 15 17 6 6 2 4 4 8 2 3 13 10 14 9 11 3 12 4 4 14 5 6 2 10 5 9 0 5 9 5 6 3 3 3 6 8 5 5 4 5 3 12 7 2 5 6 5 3 4 4 6 7 3 5 1 8 11 14 12 9 6 22 9 6 1 6 4 9 
13 5 5 7 7 5 5 5 7 3 6 6 6 6 6 6 7 10 6 7 9 8 4 6 3 5 13 6 10 4 4 0 5 14 16 6 6 1 5 4 8 3 3 12 9 13 9 10 2 12 4 4 13 6 5 2 10 5 8 4 4 9 4 6 4 2 2 5 7 5 5 5 5 0 12 6 3 4 5 4 3 5 5 6 6 2 4 2 7 10 13 11 9 6 21 9 5 1 5 4 8 
14 6 6 4 6 6 5 5 6 7 2 1 6 7 5 4 8 10 4 4 9 12 8 1 3 2 14 5 14 6 5 6 0 17 17 5 5 6 2 3 3 5 4 14 9 14 10 14 5 13 3 2 15 2 9 6 10 3 8 5 6 5 9 3 4 6 6 9 7 6 6 3 4 6 13 10 4 6 3 5 4 2 2 1 3 6 8 5 8 10 15 15 10 6 21 4 10 6 9 5 10 
14 13 13 14 14 13 12 12 14 13 13 15 13 18 14 14 19 13 13 14 12 6 14 14 14 14 25 13 4 12 16 13 15 0 17 13 13 13 15 14 15 14 13 4 12 14 22 6 13 24 14 13 3 14 15 14 22 12 8 16 12 16 16 13 13 13 13 15 12 17 17 14 12 13 24 15 14 12 13 11 12 14 14 15 14 12 14 15 12 13 3 4 22 18 23 16 15 14 15 17 21 
3 13 13 15 13 13 13 12 13 16 15 16 14 20 13 15 22 9 14 14 10 18 16 15 15 16 28 14 16 13 17 15 17 19 0 14 14 15 16 15 14 16 15 16 11 3 24 18 14 27 15 15 18 16 17 15 24 14 11 17 14 17 19 14 14 15 15 18 11 20 20 16 14 15 27 19 16 14 14 12 14 15 15 16 15 14 16 16 11 9 17 16 24 20 16 16 18 16 18 19 23 
11 2 2 2 2 2 2 2 2 8 4 5 2 10 1 2 11 8 4 2 6 11 8 4 6 5 17 2 13 5 7 6 6 14 14 0 2 7 6 5 2 7 5 12 6 11 13 12 6 16 5 5 13 5 9 7 14 4 6 7 5 5 10 4 4 7 6 9 3 9 9 6 4 6 16 10 6 5 3 3 5 4 5 5 2 6 8 7 3 8 13 14 13 9 19 4 9 7 9 8 12 
12 2 2 2 2 2 3 3 2 8 3 4 2 9 2 2 10 8 3 2 6 11 8 3 5 4 16 2 13 5 7 7 5 15 15 0 0 7 5 5 3 6 5 12 6 12 12 12 6 15 4 4 13 4 9 7 13 3 6 7 6 4 11 3 5 7 6 10 3 8 8 5 4 7 15 10 6 6 2 3 4 4 4 4 2 6 8 6 4 9 13 14 12 9 19 4 10 7 10 8 12 
12 4 4 6 6 5 4 4 6 3 5 6 5 6 6 6 7 9 5 6 8 8 3 6 2 4 14 5 10 3 4 1 5 13 16 5 5 0 4 4 7 2 2 11 8 12 9 9 2 12 4 4 12 5 4 1 10 4 7 4 3 8 5 5 3 1 1 4 6 5 5 4 4 1 12 5 2 3 4 4 2 4 4 5 6 1 3 2 6 9 12 10 9 6 20 8 4 2 4 5 9 
15 7 7 5 7 7 6 6 7 7 4 2 7 6 6 4 8 12 5 5 10 12 7 3 2 1 14 6 14 5 4 5 2 18 18 6 6 6 0 3 4 5 3 15 10 15 10 13 4 12 3 3 16 2 8 5 10 4 10 4 6 6 9 4 3 5 5 8 8 6 6 3 4 6 13 9 4 6 4 6 4 2 2 2 4 5 7 5 8 12 16 14 10 6 22 5 8 6 8 5 9 
13 5 5 5 6 5 5 5 6 5 3 4 5 6 5 5 7 10 4 5 9 10 6 3 1 2 14 4 12 4 3 4 2 16 16 4 4 4 2 0 6 3 2 13 9 13 10 11 2 12 1 1 14 2 6 4 10 3 8 4 4 7 8 4 2 4 4 7 7 5 5 1 3 4 12 7 2 4 3 4 2 2 1 3 4 3 5 3 7 10 14 13 10 6 21 7 7 4 7 5 9 
12 2 2 0 2 3 3 3 2 8 3 4 2 9 2 0 10 8 3 1 6 11 8 3 5 4 16 3 13 5 7 7 5 14 14 3 3 7 5 4 0 6 5 12 6 12 12 12 6 15 4 4 13 4 9 7 12 3 6 7 6 4 11 3 4 6 7 10 4 8 8 4 3 7 15 10 6 6 2 3 4 3 4 4 0 6 8 6 4 8 13 14 12 8 19 3 10 7 10 7 12 
14 6 6 5 6 6 5 5 6 5 4 4 6 5 5 5 6 10 5 6 9 10 5 5 1 3 13 4 12 4 2 3 3 16 17 5 4 3 3 2 6 0 2 13 9 14 9 11 3 12 2 3 15 4 6 2 9 4 8 2 4 8 6 5 2 3 3 7 7 4 4 2 4 3 12 7 0 4 4 5 2 3 2 4 5 3 5 2 7 10 14 12 9 5 21 8 7 2 7 4 8 
12 4 4 4 5 4 3 3 5 4 3 4 4 7 4 4 8 8 4 5 7 9 5 4 2 3 15 4 11 2 4 3 4 14 15 4 3 4 3 2 5 2 0 11 7 12 11 10 2 13 2 2 13 3 6 3 11 3 6 4 3 7 7 4 1 3 3 6 5 6 6 2 3 3 14 7 2 3 3 3 0 2 2 3 4 3 5 2 5 8 12 11 10 7 19 6 6 3 6 6 10 
13 10 10 12 11 11 10 10 11 12 11 12 11 17 12 12 18 10 11 12 10 4 12 12 12 12 25 11 4 10 14 11 13 4 16 11 11 12 13 11 13 12 11 0 10 13 20 5 11 23 11 11 1 12 13 12 21 10 6 14 10 14 14 11 11 12 11 13 10 16 16 12 10 12 23 14 12 10 10 8 10 12 12 13 12 11 12 12 10 10 1 3 20 17 21 14 14 12 13 16 20 
6 5 5 7 4 5 5 4 4 8 6 8 6 12 5 7 14 3 6 6 2 9 8 7 7 8 20 6 10 5 9 7 8 11 9 6 6 7 8 7 6 8 6 8 0 6 16 10 6 18 7 7 9 8 9 7 16 6 3 9 6 9 11 6 6 7 6 10 3 12 12 8 5 7 19 10 7 6 6 4 6 7 7 8 6 6 8 8 3 3 9 10 16 12 14 8 10 8 10 11 15 
0 10 10 12 10 10 10 9 10 13 12 13 11 17 10 12 19 6 11 11 8 14 13 12 12 13 25 11 13 10 14 12 14 16 3 11 11 12 13 12 12 13 12 13 8 0 21 15 11 24 12 12 14 13 14 12 21 11 8 14 11 14 16 11 11 12 12 15 8 16 16 13 10 12 24 16 12 11 11 9 11 12 12 13 12 11 13 13 8 6 14 14 21 17 12 13 15 13 15 16 20 
21 13 13 12 13 13 13 13 13 12 11 10 14 6 13 12 8 18 13 13 17 17 12 10 9 8 7 12 19 12 8 10 9 22 24 12 12 9 9 10 12 9 10 20 17 21 0 18 10 10 10 10 22 10 13 9 3 12 16 8 12 14 12 11 10 10 10 14 15 7 7 10 11 10 5 14 8 12 11 12 10 10 10 10 12 10 12 8 15 18 21 19 2 6 29 13 12 9 14 8 1 
11 12 12 14 14 13 12 12 14 11 13 14 13 16 14 14 17 12 13 14 12 4 12 14 12 14 23 13 1 10 14 11 14 5 14 13 13 11 14 13 15 12 12 4 12 11 20 0 11 22 13 13 6 14 12 11 20 12 8 14 10 16 14 13 12 11 11 13 12 15 15 13 12 11 22 12 12 10 13 10 11 13 13 15 14 10 11 12 12 13 4 2 19 16 20 16 13 12 13 15 19 
11 3 3 4 4 3 3 3 4 4 4 5 3 8 4 4 9 8 4 5 6 8 5 4 2 4 16 4 10 2 4 3 4 14 14 4 4 4 4 2 5 3 2 11 7 11 11 9 0 14 2 2 12 3 6 3 12 3 5 4 2 7 7 4 2 3 3 6 4 7 7 3 2 3 14 7 3 2 3 2 1 2 3 4 4 3 5 3 4 8 12 11 11 8 18 6 6 4 6 6 11 
21 13 13 12 13 13 12 12 13 11 10 9 13 4 12 12 1 17 12 12 16 16 11 10 8 8 10 12 18 11 7 9 8 22 24 12 11 8 8 10 11 8 9 19 16 21 6 17 10 0 10 10 21 9 12 8 6 11 15 7 12 13 10 11 9 9 10 13 14 5 5 10 11 9 9 13 7 12 11 12 9 9 9 9 12 9 11 7 14 17 20 19 6 2 28 12 11 8 13 6 6 
12 4 4 4 4 4 4 4 4 5 3 4 4 7 4 4 8 9 3 5 8 9 5 3 1 2 14 3 11 3 3 4 3 15 15 3 3 4 3 1 5 3 0 12 8 12 10 10 2 13 0 1 14 2 6 3 10 3 7 3 4 6 7 3 1 3 3 7 6 6 6 2 2 4 13 7 2 4 3 4 1 2 2 3 4 3 5 3 6 9 13 12 10 6 20 6 7 4 7 5 10 
13 5 5 4 5 5 5 5 5 6 3 3 5 6 5 4 7 10 4 5 9 10 6 3 1 1 14 4 12 4 4 5 2 16 16 4 4 5 2 1 5 4 2 13 9 13 9 12 3 12 1 0 14 2 7 4 10 3 8 4 5 7 8 4 2 4 4 8 6 5 5 1 2 5 12 8 3 5 3 4 2 2 1 3 4 4 6 4 7 10 14 13 9 6 21 6 8 5 8 5 9 
14 12 12 13 13 12 12 12 13 13 13 14 12 18 13 13 20 12 12 14 11 6 13 13 13 14 26 12 5 11 15 13 15 4 17 13 12 13 14 13 14 14 13 1 11 14 22 6 12 25 13 13 0 14 14 13 22 12 8 15 12 16 16 12 12 13 12 15 11 18 18 14 12 13 25 15 14 12 12 10 12 13 13 14 13 12 13 14 11 12 2 4 22 18 23 15 15 14 15 17 21 
14 5 5 4 6 5 5 5 6 6 2 2 5 6 5 4 7 10 4 5 9 11 6 2 2 1 13 4 13 5 4 5 2 16 16 4 4 5 1 2 4 4 2 13 9 13 9 12 3 12 2 2 15 0 8 5 10 2 8 4 5 6 8 2 2 5 5 8 7 5 5 2 2 5 12 8 3 5 2 5 3 0 0 2 4 4 6 4 7 10 14 14 9 6 21 5 8 5 8 4 9 
15 7 7 8 8 7 7 7 8 2 8 8 7 8 8 8 9 11 7 9 10 9 2 8 5 7 16 7 11 5 6 4 7 15 18 8 8 4 7 6 9 5 5 13 10 15 11 10 4 14 6 6 14 7 0 4 12 7 9 6 6 11 2 7 5 4 4 2 8 7 7 6 6 4 14 2 5 6 7 6 5 6 6 8 8 3 2 5 8 12 14 12 11 8 22 10 1 4 2 7 11 
13 5 5 6 6 5 4 4 6 3 5 6 5 6 6 6 7 9 5 6 8 8 3 6 3 4 14 5 10 3 3 1 5 14 16 5 5 1 5 4 7 2 3 11 8 13 9 9 2 12 4 4 12 5 4 0 10 4 7 3 4 8 5 5 3 1 1 4 6 5 5 4 4 1 12 5 2 4 5 4 2 4 4 6 6 1 3 2 6 9 12 10 9 6 20 8 5 1 4 5 9 
22 15 15 14 15 15 14 14 15 13 12 11 15 8 14 14 9 19 14 14 18 18 13 12 10 10 4 14 20 13 9 11 10 23 26 14 13 10 10 12 13 10 11 21 18 22 3 19 12 12 12 12 23 11 14 10 0 13 17 9 14 15 13 13 11 11 12 15 16 8 8 12 13 11 4 15 9 14 13 14 11 11 11 11 14 11 13 9 16 19 21 20 2 8 30 14 14 10 15 9 2 
12 3 3 3 4 3 3 3 4 6 2 3 4 8 3 3 9 8 2 3 7 11 7 2 2 3 16 3 13 4 5 5 4 14 15 2 2 6 4 2 4 4 2 11 7 12 11 12 4 14 2 2 13 3 8 5 12 0 6 5 4 5 9 2 2 5 5 8 5 7 7 3 1 6 14 9 3 4 1 3 3 2 3 4 2 5 7 5 5 8 12 13 11 8 19 5 8 6 8 7 11 
8 4 4 6 5 4 4 4 5 6 5 6 5 11 6 6 12 5 5 6 4 7 7 6 6 6 19 5 8 4 7 5 7 9 11 5 5 6 7 5 7 6 5 6 4 8 14 8 5 17 5 5 8 6 8 6 15 4 0 8 4 8 9 5 5 6 5 8 4 10 10 6 4 5 17 9 6 4 4 2 4 6 6 7 6 5 7 6 4 5 7 8 14 11 16 8 8 6 8 10 14 
14 6 6 7 7 6 6 6 7 4 5 6 6 6 6 7 7 11 6 7 10 10 5 6 2 4 13 6 12 5 2 3 5 15 17 6 6 2 4 4 8 2 3 13 10 14 9 11 3 12 4 4 14 5 6 2 10 5 9 0 5 9 5 6 3 3 3 6 8 5 5 4 5 3 12 7 2 5 6 5 3 4 4 6 7 3 5 1 8 11 14 12 9 6 22 9 6 1 6 4 9 
12 5 5 6 6 5 4 4 6 4 5 6 5 7 6 6 9 9 5 6 8 8 4 6 3 5 15 5 10 1 5 2 5 14 15 5 5 2 5 4 7 4 3 11 8 12 11 9 2 14 4 4 12 5 5 3 11 4 6 5 0 8 6 5 3 2 2 5 6 6 6 4 4 2 14 6 4 0 5 3 2 4 4 6 6 2 4 4 6 9 12 10 11 7 20 8 5 3 5 6 10 
14 6 6 3 6 6 5 5 6 10 4 5 6 9 5 3 11 10 4 4 8 13 10 4 6 5 17 5 15 8 8 9 6 16 17 5 5 9 6 6 3 8 6 14 8 14 13 14 8 16 6 5 15 5 11 8 13 5 8 8 8 0 12 4 6 8 9 12 7 9 9 6 6 9 16 12 7 8 4 5 6 5 5 5 3 8 10 8 7 10 15 16 13 9 21 1 12 9 12 8 12 
16 8 8 10 10 8 8 8 10 3 8 7 8 7 9 10 8 13 9 10 12 11 3 8 6 6 15 9 13 7 5 5 6 16 19 9 9 4 6 7 10 5 6 14 12 16 10 12 5 13 7 7 15 7 1 5 11 8 11 5 7 11 0 9 6 5 5 3 10 6 6 7 8 5 13 4 5 7 8 7 6 7 7 7 9 4 3 4 10 13 15 13 10 7 24 11 1 5 3 6 10 
13 5 5 4 5 5 5 5 5 7 1 2 5 6 5 4 7 10 4 4 9 12 7 1 3 2 14 4 14 5 4 6 3 16 16 4 4 6 2 2 4 4 3 13 9 13 10 13 4 12 2 1 14 1 8 5 10 2 8 4 6 5 9 0 2 5 5 9 6 5 5 2 2 6 13 9 4 6 2 4 3 1 2 2 4 5 7 4 7 10 14 14 10 6 21 5 9 6 9 5 9 
13 4 4 4 5 4 4 4 5 5 2 3 5 6 4 4 8 9 3 4 8 10 6 3 1 2 14 4 12 4 4 4 3 15 16 4 3 4 2 1 5 3 1 12 8 13 10 11 3 13 1 1 14 2 7 4 10 2 7 4 4 6 8 3 0 4 4 7 6 6 6 2 2 4 13 8 2 4 2 4 1 1 1 2 4 4 6 4 6 9 14 13 10 6 20 6 7 4 7 5 10 
13 5 5 6 6 5 5 4 6 3 5 6 5 6 6 6 7 9 5 7 8 8 3 6 3 4 14 5 10 3 3 1 5 14 16 5 5 1 5 4 7 2 3 11 8 13 9 9 2 12 4 4 13 5 4 0 10 5 7 3 4 8 5 5 3 0 1 5 6 5 5 4 4 1 12 5 2 4 5 4 3 4 4 6 6 1 3 2 6 9 12 10 9 6 20 8 5 1 5 5 9 
12 3 3 5 5 4 3 3 5 5 4 4 4 7 4 5 8 8 4 5 7 8 5 4 2 3 15 4 10 2 3 3 4 14 14 4 4 4 3 3 6 2 2 11 7 11 10 9 0 13 2 3 13 4 6 2 11 3 6 3 2 7 6 4 2 2 0 6 5 6 6 3 3 4 13 7 2 2 4 3 1 3 3 4 5 3 5 2 5 8 12 11 10 7 19 7 7 3 6 6 10 
14 8 8 9 9 8 8 8 9 3 9 9 8 9 9 9 11 12 8 10 11 10 3 9 6 8 17 8 12 6 7 5 8 14 17 8 8 5 8 7 10 6 6 14 12 14 13 11 5 16 7 7 15 8 2 5 13 8 10 7 7 12 4 8 6 5 4 0 9 8 8 8 8 5 16 1 6 6 8 7 6 7 7 9 9 4 3 6 9 12 13 12 13 9 23 11 2 5 1 8 12 
9 2 2 4 2 2 2 2 2 6 5 6 3 10 2 4 12 6 5 3 3 10 7 6 6 6 18 3 12 4 8 5 7 12 12 4 3 5 7 5 4 6 5 10 3 9 14 11 5 16 5 5 11 6 8 6 14 4 4 8 4 6 9 5 5 5 5 8 0 9 9 6 4 5 17 9 6 4 5 2 4 6 6 7 4 5 7 6 1 6 11 12 14 10 17 6 8 6 8 9 13 
20 12 12 10 12 12 11 11 12 10 9 8 12 2 11 10 3 16 11 11 15 15 10 8 7 6 10 10 17 10 6 8 7 21 23 11 10 7 7 8 10 7 8 18 15 20 6 16 9 8 8 8 20 8 10 7 6 10 14 6 10 12 9 10 8 8 8 12 13 0 0 8 10 8 8 12 6 10 10 11 8 8 8 8 10 8 10 6 13 16 19 18 5 2 27 11 10 7 12 1 5 
20 12 12 10 12 12 11 11 12 10 9 8 12 2 11 10 3 16 11 11 15 15 10 8 7 6 10 10 17 10 6 8 7 21 23 11 10 7 7 8 10 7 8 18 15 20 6 16 9 8 8 8 20 8 10 7 6 10 14 6 10 12 9 10 8 8 8 12 13 0 0 8 10 8 8 12 6 10 10 11 8 8 8 8 10 8 10 6 13 16 19 18 5 2 27 11 10 7 12 1 5 
13 5 5 5 5 5 5 5 5 6 4 4 5 7 5 5 8 10 4 5 9 10 6 4 1 2 15 4 12 4 4 4 3 16 16 4 4 5 3 1 6 3 1 13 9 13 10 11 3 13 1 2 14 3 7 4 11 3 8 4 4 7 8 4 1 4 4 7 6 6 6 0 3 4 13 8 2 4 4 4 2 2 2 4 5 4 6 4 7 10 14 13 10 7 20 7 8 5 7 6 10 
11 3 3 3 3 3 3 3 3 6 2 4 3 8 3 3 9 8 2 4 7 10 6 3 3 4 16 2 12 3 4 5 4 14 14 2 2 5 4 2 4 4 2 11 7 11 11 11 3 14 2 2 12 4 7 4 12 2 6 4 4 6 8 2 2 4 4 8 5 7 7 3 0 5 14 8 3 4 2 2 2 2 3 4 3 4 6 4 5 8 12 12 11 8 19 5 8 5 8 7 11 
13 5 5 6 7 5 5 5 7 3 6 6 6 6 6 6 7 10 6 7 9 8 4 6 3 4 13 6 10 4 3 2 5 14 16 6 6 1 5 4 8 3 3 12 9 13 9 9 2 12 4 4 13 6 5 2 9 5 8 3 4 9 4 6 4 2 2 5 7 5 5 5 5 0 12 6 3 4 5 4 3 5 5 6 6 2 4 2 7 10 13 11 9 5 20 8 5 1 5 4 8 
23 15 15 14 15 15 15 15 15 14 13 12 16 8 15 14 10 20 15 15 19 19 14 12 11 10 5 14 21 14 10 12 11 24 26 14 14 11 10 12 14 11 12 22 19 23 3 20 12 12 12 12 23 11 15 11 3 14 18 10 14 16 14 13 12 12 12 16 17 9 9 12 13 12 0 16 10 14 13 14 12 12 12 12 14 12 14 10 17 20 23 21 2 8 31 15 14 11 16 10 2 
14 8 8 9 9 8 8 8 9 3 9 9 8 9 9 9 11 12 8 10 11 10 3 9 6 8 17 8 11 6 7 5 8 14 17 8 8 5 8 7 10 6 6 13 12 14 13 11 5 16 7 7 15 8 2 5 13 8 10 7 7 12 4 8 6 5 4 2 9 8 8 7 7 5 16 0 6 6 8 7 6 7 7 9 9 4 3 6 9 12 13 11 13 9 23 11 2 5 1 8 12 
13 5 5 5 5 5 5 5 5 5 4 4 6 5 5 5 6 10 4 6 9 10 6 4 1 2 13 4 12 4 2 3 3 16 16 4 4 4 3 2 6 2 2 13 9 13 9 11 2 11 2 2 14 3 6 2 9 4 8 2 4 8 6 4 2 2 2 7 7 4 4 2 3 3 12 8 0 4 4 4 2 3 2 4 5 3 5 2 7 10 14 13 8 5 21 7 7 3 7 4 8 
12 4 4 5 6 4 4 4 6 3 5 6 4 7 5 5 8 8 4 6 7 7 3 5 3 4 15 4 9 0 4 2 5 13 14 5 4 2 4 3 6 3 2 10 7 12 10 8 1 13 3 3 12 4 4 2 11 4 6 4 1 8 6 4 2 2 1 5 5 6 6 4 4 2 13 5 3 0 4 2 2 4 4 5 5 1 3 3 5 8 11 10 10 7 19 7 5 3 5 6 10 
13 5 5 4 5 5 4 4 5 7 1 2 5 7 4 4 8 10 3 5 9 11 7 1 2 2 14 4 13 5 5 6 3 16 16 4 4 6 2 2 4 4 2 13 9 13 10 12 4 13 2 1 14 2 8 5 10 2 8 5 5 6 9 2 2 5 5 8 6 6 6 2 2 6 13 9 3 5 0 4 3 1 1 2 4 5 7 5 7 10 14 14 10 6 20 5 9 6 8 5 10 
9 2 2 3 4 2 2 2 4 4 3 4 2 8 3 3 10 5 2 4 4 8 4 3 4 4 16 2 10 2 5 3 5 11 12 3 3 3 4 3 4 4 3 8 4 9 12 9 2 15 3 3 10 4 5 3 12 2 3 5 2 6 7 3 2 3 3 6 2 8 8 4 2 3 15 6 4 2 2 0 2 3 4 4 3 2 4 4 2 5 10 11 12 8 16 5 6 4 6 7 12 
11 3 3 4 4 4 3 3 4 5 3 4 4 7 4 4 8 8 3 5 7 10 5 3 2 3 15 3 12 3 3 4 3 14 14 3 3 4 3 1 5 3 1 11 7 11 10 11 2 13 1 1 13 2 6 4 11 3 6 3 4 6 8 3 1 3 4 7 5 6 6 2 2 4 13 7 2 4 3 3 0 2 2 3 4 3 5 3 5 8 12 12 10 7 19 6 7 4 7 6 10 
13 5 5 4 5 5 4 4 5 7 1 2 5 6 4 4 7 10 3 4 9 11 7 2 2 1 13 4 13 5 4 6 2 16 16 4 4 5 2 2 4 4 2 13 9 13 9 12 4 12 2 1 14 1 8 5 9 2 8 4 5 5 8 2 2 5 5 8 6 5 5 2 2 6 12 9 3 5 1 4 3 0 1 1 4 5 7 4 7 10 14 14 9 5 20 5 9 5 8 4 8 
14 6 6 5 6 6 6 6 6 6 3 2 6 5 5 5 6 10 4 5 9 10 6 3 1 0 13 5 12 4 3 4 1 16 17 5 5 5 1 2 4 3 2 13 9 14 9 12 3 11 2 2 15 2 7 4 9 4 8 3 5 6 8 4 2 4 4 7 7 4 4 2 3 4 11 8 2 5 4 5 2 2 0 2 5 4 6 3 7 10 14 13 8 5 21 6 8 4 7 4 8 
13 5 5 3 5 5 5 5 5 8 2 1 5 7 4 3 8 10 3 3 8 12 9 2 4 3 15 4 14 7 5 7 2 16 16 4 4 7 3 4 3 6 4 13 8 13 11 14 6 13 4 3 14 2 10 6 11 3 8 5 7 4 10 2 4 6 6 10 6 6 6 4 4 7 14 11 5 7 2 4 4 3 3 0 3 7 9 5 7 10 14 15 11 7 21 4 10 6 10 6 10 
11 2 2 0 2 2 3 3 2 8 3 4 2 8 2 0 10 8 3 1 6 11 8 3 5 4 16 2 13 5 7 7 5 14 14 3 2 7 5 4 1 6 5 11 6 11 12 12 5 15 4 3 13 4 9 6 12 3 6 7 6 4 10 2 4 6 6 10 4 8 8 4 3 7 15 10 6 6 2 3 4 3 4 4 0 6 8 6 4 8 12 14 12 8 19 3 10 7 10 7 11 
12 4 4 6 6 4 4 4 6 2 5 5 4 6 5 5 7 9 5 6 8 7 2 5 2 4 14 5 9 3 4 1 4 12 15 5 5 1 4 3 6 2 2 10 8 12 9 8 1 12 3 3 12 4 3 1 10 4 7 4 3 8 4 5 3 1 1 4 6 5 5 4 4 1 12 4 2 3 4 3 2 4 4 5 5 0 2 2 6 9 11 9 9 6 20 8 4 2 4 5 9 
14 6 6 7 8 6 6 6 8 0 7 7 6 7 7 7 8 10 6 8 10 8 0 7 4 6 14 6 10 4 4 3 6 14 17 7 7 3 6 5 8 4 4 12 10 14 10 10 3 13 5 5 13 6 2 3 10 6 8 4 5 10 3 7 4 3 3 3 8 6 6 6 6 3 13 4 4 5 6 5 4 6 6 7 7 2 0 4 8 11 13 11 10 6 21 9 2 3 3 5 10 
14 6 6 7 7 6 6 6 7 4 6 6 6 5 7 7 7 10 6 8 10 9 4 6 3 4 13 6 11 4 3 2 5 15 17 6 6 1 5 5 8 2 3 12 10 14 9 10 3 12 5 5 14 6 5 1 9 6 8 3 5 10 4 6 4 2 2 6 7 4 4 5 6 2 12 6 2 5 6 5 4 5 5 6 7 2 4 0 7 10 13 12 9 5 21 9 5 1 6 4 8 
8 3 3 5 3 3 3 2 3 8 6 8 4 12 3 5 13 5 6 4 3 11 8 7 7 8 20 4 12 5 9 6 8 12 11 4 4 7 8 6 5 7 6 10 2 8 16 11 6 18 6 6 11 7 9 7 16 6 4 9 5 7 10 6 6 7 6 9 1 11 11 7 5 6 18 10 7 5 6 3 6 7 7 8 5 6 8 8 0 5 11 12 15 12 16 6 9 7 9 11 15 
4 9 9 11 9 9 9 9 9 12 11 12 10 17 10 11 18 6 11 10 7 13 13 12 12 12 23 10 12 10 14 11 13 14 8 11 10 12 13 11 11 12 11 12 7 4 20 13 11 23 11 11 14 12 14 12 21 10 7 14 10 14 15 11 11 12 11 14 8 16 16 12 10 12 23 14 12 10 10 8 10 12 12 13 11 11 13 12 8 0 13 12 20 17 11 13 14 12 14 16 20 
12 11 11 12 12 11 10 10 12 12 11 13 11 17 12 12 18 11 11 12 10 4 12 12 12 13 25 11 3 10 14 12 13 3 16 12 11 12 13 12 13 12 11 1 10 12 21 4 11 23 12 12 2 12 13 12 21 11 7 14 11 14 15 11 11 12 11 14 10 16 16 12 10 12 24 14 12 10 11 9 10 12 12 13 12 11 12 13 10 11 0 3 21 17 22 14 14 12 14 16 20 
11 12 12 13 13 12 12 12 13 11 13 14 12 16 13 13 17 12 12 14 11 4 11 13 12 14 23 12 1 10 13 10 14 4 14 13 12 11 14 12 14 12 11 3 11 11 19 2 10 22 12 12 5 14 12 11 20 12 8 14 9 16 14 12 12 11 10 12 11 15 15 13 12 11 22 13 12 9 12 10 11 13 13 14 13 10 11 12 11 12 3 0 19 16 21 15 13 11 13 14 18 
23 14 14 14 15 15 14 14 15 13 12 11 15 8 14 14 9 19 14 14 18 18 13 11 10 10 5 14 20 13 9 11 10 24 26 14 13 10 10 11 13 10 11 21 18 22 2 19 12 12 11 12 23 11 14 10 3 13 17 9 13 15 13 12 11 11 11 15 16 8 8 12 13 11 3 15 9 13 12 14 11 11 11 11 13 11 13 9 16 19 22 21 0 8 30 14 14 10 15 9 2 
19 11 11 10 11 11 11 10 11 9 8 7 11 4 10 10 1 15 10 10 14 14 10 8 6 6 8 10 16 9 5 7 6 20 22 10 10 7 6 8 10 6 7 17 14 19 4 15 8 7 8 8 19 7 10 7 4 9 13 5 10 11 9 9 7 8 8 11 12 4 4 8 9 7 7 11 5 10 9 10 7 7 8 7 10 7 9 5 12 15 18 17 4 0 26 11 10 6 11 5 4 
7 8 8 10 7 8 8 7 7 11 9 11 8 15 8 9 16 4 9 9 5 12 11 10 10 11 23 9 13 8 12 10 11 13 10 9 9 10 11 10 9 10 9 10 5 7 19 12 9 21 10 9 12 10 12 10 19 8 6 12 9 12 14 9 9 10 9 13 6 14 14 10 8 10 22 13 10 8 9 7 8 10 10 11 9 9 11 11 6 4 12 13 18 15 0 11 13 10 13 14 18 
14 6 6 4 6 6 6 6 6 10 4 5 6 10 5 4 11 11 4 4 9 13 11 4 7 5 17 5 15 8 8 9 7 17 17 5 5 9 6 6 3 8 7 14 9 14 13 14 8 16 6 5 15 5 12 9 14 5 9 8 8 0 12 4 6 9 9 12 7 9 9 6 6 9 16 13 7 8 5 5 6 5 6 5 3 9 11 8 8 11 15 16 13 10 22 0 12 9 12 8 13 
16 8 8 9 9 8 7 7 9 2 8 8 8 7 9 9 8 12 8 9 11 10 2 8 6 6 15 8 12 6 5 4 7 16 19 8 8 4 6 7 10 6 6 13 11 16 11 11 4 13 7 7 15 7 1 5 11 7 10 5 6 11 1 8 6 4 4 2 9 6 6 7 7 4 14 3 5 6 8 7 5 7 7 8 9 3 2 4 9 12 14 13 11 7 23 11 0 5 2 6 10 
13 5 5 7 7 5 5 5 7 4 6 6 6 6 6 7 7 10 6 7 9 9 4 6 3 4 14 6 11 4 2 2 5 14 16 6 6 2 4 4 8 2 3 12 9 13 10 10 2 12 4 4 13 5 5 1 10 5 8 2 4 9 5 6 3 2 2 5 7 5 5 4 5 2 12 6 2 4 5 4 3 4 4 6 6 2 4 1 7 10 13 11 9 6 21 9 6 0 5 5 9 
13 8 8 9 9 8 8 7 9 3 8 9 8 9 9 9 10 12 8 10 11 10 3 9 6 7 16 8 11 6 7 4 8 14 16 8 8 5 8 7 10 6 6 13 11 13 13 11 5 15 7 7 14 8 2 5 13 8 10 7 6 11 3 8 6 5 4 1 9 8 8 7 7 4 16 0 6 6 8 7 6 7 7 9 9 4 3 6 9 12 12 11 12 9 23 11 2 5 0 8 12 
19 11 11 10 11 11 10 10 11 9 8 7 11 1 10 10 2 15 10 10 14 14 9 8 6 6 9 10 16 9 5 7 6 20 22 10 9 6 6 8 10 6 7 17 14 19 5 15 8 7 8 8 19 7 10 6 5 9 13 5 10 11 9 9 7 7 8 11 12 2 2 8 9 7 8 11 5 10 9 10 7 7 7 7 10 7 9 5 12 15 18 17 5 1 26 10 10 6 11 0 4 
22 14 14 13 14 14 14 14 14 12 12 10 14 7 13 13 8 18 13 13 17 17 13 11 9 9 6 13 19 12 8 10 9 23 25 13 13 10 9 11 13 9 10 20 18 22 1 18 11 11 11 11 22 10 14 10 4 12 16 8 13 14 12 12 10 11 11 14 15 8 8 11 12 10 4 15 8 13 12 13 10 10 11 10 13 10 12 8 15 18 22 20 1 7 29 14 13 9 14 8 0 
/* Distance matrix [km] ([all nodes] x [all nodes]) */
0 5.012 5.012 6.083 4.937 5.047 4.736 4.838 4.936 6.8 6.258 6.679 5.336 9.472 5.154 6.047 9.957 3.676 6.006 5.681 3.42 8.48 6.813 6.439 6.295 6.889 13.843 5.465 7.797 5.143 7.154 6.178 6.876 8.209 1.487 5.543 5.416 6.311 6.675 6.175 5.94 6.506 6.071 5.794 3.365 0.016 12.367 8.38 5.769 11.677 6.176 6.248 6.044 6.71 7.447 6.261 12.594 5.95 3.492 7.176 5.59 6.919 7.987 6.225 5.968 6.236 6.135 7.761 4.129 9.128 9.128 6.48 5.719 6.219 13.047 10.89 6.548 5.351 6.035 4.795 5.722 6.445 6.56 6.714 6 5.999 6.935 6.767 4.113 3.799 5.869 7.686 12.337 9.724 13.341 6.796 7.733 6.464 7.832 9.13 12.107 
5.346 0 0 1.161 0.952 0.035 0.321 0.172 0.951 2.584 1.377 1.798 0.373 4.591 0.636 1.125 5.076 4.206 1.683 1.272 2.164 4.555 2.597 1.558 1.454 2.008 8.962 0.502 5.234 1.165 2.273 1.962 1.995 5.375 6.834 0.58 0.453 2.095 1.947 1.292 1.531 2.29 1.19 4.874 2.109 5.329 7.486 5.012 1.553 6.796 1.293 1.365 5.124 1.829 3.231 2.045 7.713 1.734 2.189 2.295 1.374 2.139 3.771 1.344 1.075 2.02 1.919 3.545 1.004 4.247 4.247 1.597 1.503 2.003 8.166 3.683 1.667 1.334 1.154 0.579 1.506 1.564 1.679 1.833 1.078 1.783 2.719 2.551 1.231 4.329 4.949 5.407 7.456 4.843 16.815 2.016 3.517 2.248 3.616 4.249 7.226 
5.346 0 0 1.161 0.952 0.035 0.321 0.172 0.951 2.584 1.377 1.798 0.373 4.591 0.636 1.125 5.076 4.206 1.683 1.272 2.164 4.555 2.597 1.558 1.454 2.008 8.962 0.502 5.234 1.165 2.273 1.962 1.995 5.375 6.834 0.58 0.453 2.095 1.947 1.292 1.531 2.29 1.19 4.874 2.109 5.329 7.486 5.012 1.553 6.796 1.293 1.365 5.124 1.829 3.231 2.045 7.713 1.734 2.189 2.295 1.374 2.139 3.771 1.344 1.075 2.02 1.919 3.545 1.004 4.247 4.247 1.597 1.503 2.003 8.166 3.683 1.667 1.334 1.154 0.579 1.506 1.564 1.679 1.833 1.078 1.783 2.719 2.551 1.231 4.329 4.949 5.407 7.456 4.843 16.815 2.016 3.517 2.248 3.616 4.249 7.226 
5.58 1.001 1.001 0 0.926 1.036 1.394 1.355 0.925 3.51 0.731 1.152 0.792 3.945 0.61 0.479 4.43 5.037 1.037 0.67 2.753 5.386 3.523 0.912 1.517 1.362 8.316 0.921 6.065 2.091 2.643 2.888 1.349 6.206 7.068 0.833 0.979 3.021 1.301 1.354 0.929 2.481 1.513 5.705 2.698 5.563 6.84 5.843 2.385 6.15 1.355 0.965 5.955 1.183 4.157 2.642 7.067 0.671 3.02 2.665 2.3 1.493 4.401 0.698 1.398 2.617 2.717 4.471 1.496 3.601 3.601 1.197 0.9 2.929 7.52 4.609 1.99 2.26 0.508 1.41 1.697 0.918 1.033 1.187 0.432 2.709 3.645 2.742 1.723 5.16 5.78 6.238 6.81 4.197 17.646 1.37 4.443 2.928 4.542 3.603 6.58 
5.42 0.074 0.074 1.235 0 0.109 0.395 0.246 1.025 2.658 1.451 1.872 0.447 4.665 0.71 1.199 5.15 4.28 1.757 1.346 2.238 4.629 2.671 1.632 1.528 2.082 9.036 0.576 5.308 1.239 2.347 2.036 2.069 5.449 6.908 0.654 0.527 2.169 2.021 1.366 1.605 2.364 1.264 4.948 2.183 5.403 7.56 5.086 1.627 6.87 1.367 1.439 5.198 1.903 3.305 2.119 7.787 1.808 2.263 2.369 1.448 2.213 3.845 1.418 1.149 2.094 1.993 3.619 1.078 4.321 4.321 1.671 1.577 2.077 8.24 3.757 1.741 1.408 1.228 0.653 1.58 1.638 1.753 1.907 1.152 1.857 2.793 2.625 1.305 4.403 5.023 5.481 7.53 4.917 16.889 2.09 3.591 2.322 3.69 4.323 7.3 
5.31 0.348 0.348 1.125 0.916 0 0.285 0.136 0.915 2.548 1.341 1.762 0.337 4.555 0.6 1.089 5.04 4.17 1.647 1.236 2.128 4.519 2.561 1.522 1.418 1.972 8.926 0.466 5.198 1.129 2.237 1.926 1.959 5.339 6.798 0.544 0.417 2.059 1.911 1.256 1.495 2.254 1.154 4.838 2.073 5.293 7.45 4.976 1.517 6.76 1.257 1.329 5.088 1.793 3.195 2.009 7.677 1.698 2.153 2.259 1.338 2.103 3.735 1.308 1.039 1.984 1.883 3.509 0.968 4.211 4.211 1.561 1.467 1.967 8.13 3.647 1.631 1.298 1.118 0.543 1.47 1.528 1.643 1.797 1.042 1.747 2.683 2.515 1.195 4.293 4.913 5.371 7.42 4.807 16.779 1.98 3.481 2.212 3.58 4.213 7.19 
4.67 0.063 0.063 1.224 0.583 0.098 0 0.235 0.582 2.463 1.44 1.861 0.436 4.654 0.699 1.188 5.139 4.085 1.746 1.327 1.843 4.434 2.476 1.621 1.517 2.071 9.025 0.565 5.113 1.044 2.336 1.841 2.058 5.254 6.158 0.643 0.516 1.974 2.01 1.355 1.586 2.169 1.253 4.753 1.788 4.653 7.549 4.891 1.432 6.859 1.356 1.428 5.003 1.892 3.11 1.924 7.776 1.613 2.068 2.358 1.253 2.202 3.65 1.407 1.138 1.899 1.798 3.424 0.683 4.31 4.31 1.66 1.382 1.882 8.229 3.562 1.73 1.213 1.217 0.458 1.385 1.627 1.742 1.896 1.141 1.662 2.598 2.43 0.91 4.208 4.828 5.286 7.519 4.906 16.694 2.079 3.396 2.127 3.495 4.312 7.289 
5.37 0.408 0.408 1.501 0.888 0.443 0.345 0 0.887 2.608 1.689 2.187 0.754 4.98 0.572 1.465 5.465 4.23 2 1.099 2.888 4.579 2.621 1.947 2.103 2.397 9.351 0.883 5.258 1.189 2.962 1.986 2.307 5.399 6.858 0.961 0.834 2.119 2.336 1.983 1.358 2.314 1.879 4.898 2.833 5.353 7.875 5.036 1.577 7.185 1.984 2.056 5.148 2.218 3.255 2.069 8.102 1.758 2.213 2.984 1.398 2.337 3.795 1.656 1.776 2.044 1.943 3.569 1.028 4.636 4.636 2.288 1.527 2.027 8.555 3.707 2.356 1.358 1.466 0.603 1.53 1.876 1.991 2.222 1.418 1.807 2.743 2.575 1.255 4.353 4.973 5.431 7.845 5.232 16.839 2.214 3.541 2.272 3.64 4.638 7.615 
5.421 0.075 0.075 1.236 0 0.11 0.396 0.247 0 2.659 1.452 1.873 0.448 4.666 0.711 1.2 5.151 4.281 1.758 1.347 2.239 4.63 2.672 1.633 1.529 2.083 9.037 0.577 5.309 1.24 2.348 2.037 2.07 5.45 6.909 0.655 0.528 2.17 2.022 1.367 1.606 2.365 1.265 4.949 2.184 5.404 7.561 5.087 1.628 6.871 1.368 1.44 5.199 1.904 3.306 2.12 7.788 1.809 2.264 2.37 1.449 2.214 3.846 1.419 1.15 2.095 1.994 3.62 1.079 4.322 4.322 1.672 1.578 2.078 8.241 3.758 1.742 1.409 1.229 0.654 1.581 1.639 1.754 1.908 1.153 1.858 2.794 2.626 1.306 4.404 5.024 5.482 7.531 4.918 16.89 2.091 3.592 2.323 3.691 4.324 7.301 
7.038 2.458 2.458 3.346 2.978 2.493 2.395 2.356 2.977 0 3.234 3.111 2.557 2.929 2.82 3.31 3.414 5.898 2.982 3.471 4.64 3.863 0.013 3.415 1.774 2.304 7.3 2.686 4.542 1.941 1.533 1.042 2.621 5.772 8.526 2.761 2.637 0.819 2.42 2.27 3.751 1.429 1.745 5.372 4.585 7.021 5.824 4.32 1.417 5.134 2.271 2.343 5.622 2.572 0.746 1.125 6.051 2.926 3.881 1.555 1.749 4.324 0.917 3.201 2.053 1.1 1.145 1.34 3.078 2.585 2.585 2.153 2.695 1.083 6.504 1.478 1.6 1.719 3.011 2.271 1.819 2.529 2.258 2.918 3.263 0.731 0.191 1.083 3.428 6.021 5.447 4.837 5.794 3.181 18.507 4.201 0.679 0.972 1.411 2.587 5.564 
6.444 1.724 1.724 1.11 1.817 1.759 1.661 1.622 1.816 3.06 0 0.766 1.823 3.561 1.501 1.074 4.046 5.304 0.746 1.235 4.046 5.653 3.073 0.526 1.1 0.978 7.932 1.367 6.332 1.607 2.259 2.438 0.932 6.473 7.932 1.1 1.246 2.571 0.731 0.937 1.515 1.999 1.096 5.972 3.991 6.427 6.456 6.11 1.9 5.766 0.938 0.548 6.222 0.799 3.707 2.157 6.683 0.254 3.287 2.281 1.816 2.088 4.091 0.719 0.981 2.132 2.395 4.021 2.344 3.217 3.217 0.78 0.483 2.479 7.136 4.159 1.573 1.776 0.091 1.677 1.211 0.501 0.616 0.801 1.027 2.259 3.195 2.339 2.834 5.427 6.047 6.505 6.426 3.813 17.913 1.965 3.993 2.443 4.092 3.219 6.196 
6.639 1.919 1.919 0.93 1.857 1.954 1.856 1.817 1.856 3.199 0.498 0 2.018 3.397 1.541 0.894 3.882 5.499 0.941 1.055 3.682 5.848 3.212 0.564 1.243 0.897 7.768 1.562 6.527 2.563 2.095 2.577 0.684 6.668 8.127 1.295 1.441 2.81 1.013 1.186 0.787 1.994 1.7 6.167 3.627 6.622 6.292 6.305 2.039 5.602 1.187 1.048 6.417 0.635 3.846 2.152 6.519 0.753 3.482 2.117 2.6 1.36 3.927 0.465 1.79 2.271 2.534 4.16 2.539 3.053 3.053 1.03 0.982 2.618 6.972 4.298 1.779 2.56 0.59 1.872 1.815 0.751 0.869 0.981 0.847 2.398 3.334 2.175 3.029 5.622 6.242 6.7 6.262 3.649 18.108 1.237 4.132 2.592 4.231 3.055 6.032 
5.63 0.727 0.727 0.861 0.652 0.762 1.046 0.899 0.651 2.782 1.077 1.498 0 4.291 0.336 0.825 4.776 4.744 1.383 0.984 2.803 4.706 2.795 1.258 1.082 1.708 8.662 0.202 5.385 1.328 1.901 2.16 1.695 6.552 7.118 0.28 0.081 2.293 1.647 0.92 1.243 1.721 0.818 6.051 2.748 5.613 7.186 5.163 1.622 6.496 0.921 0.993 6.301 1.529 3.429 1.877 7.413 1.017 3.366 1.923 1.537 1.839 3.733 1.044 0.703 1.852 1.952 3.743 1.222 3.947 3.947 1.225 0.9 2.201 7.866 3.881 1.295 1.497 0.854 1.157 0.933 1.179 1.379 1.533 0.778 1.981 2.917 1.981 1.449 4.867 6.126 5.68 7.156 4.543 17.353 1.716 3.715 2.163 3.814 3.949 6.926 
8.895 4.315 4.315 4.107 4.251 4.35 4.252 4.213 4.25 2.448 3.419 3.415 4.117 0 3.935 4.071 1.079 7.755 4.118 4.232 6.497 6.365 2.461 3.157 2.791 2.608 4.965 3.801 7.044 3.92 2.063 3.063 2.925 9.311 10.383 3.879 3.68 2.778 2.724 3.364 3.964 2.562 3.057 7.874 6.442 8.878 3.489 6.822 3.396 2.799 3.365 3.437 8.124 2.876 2.61 2.733 3.716 3.674 5.738 2.085 3.957 4.537 2.013 3.642 3.147 3.181 3.287 3.271 4.821 0.212 0.212 3.207 3.827 3.104 4.169 3.409 2.347 3.917 3.511 4.128 3.172 2.992 3.11 3.222 4.024 3.095 2.413 2.143 5.285 7.878 7.949 7.339 3.459 0.846 20.364 4.414 2.324 2.56 3.342 0.252 3.229 
5.738 0.835 0.835 0.969 0.76 0.87 1.154 1.007 0.759 2.962 1.185 1.606 0.181 4.399 0 0.933 4.884 4.852 1.491 1.092 2.911 5.241 2.975 1.366 1.262 1.816 8.77 0.31 5.92 1.508 2.081 2.34 1.803 6.061 7.226 0.388 0.261 2.473 1.755 1.1 1.351 1.901 0.998 5.56 2.856 5.721 7.294 5.698 1.802 6.604 1.101 1.173 5.81 1.637 3.609 2.057 7.521 1.125 2.875 2.103 1.717 1.947 3.913 1.152 0.883 2.032 2.132 3.923 1.33 4.055 4.055 1.405 1.08 2.381 7.974 4.061 1.475 1.677 0.962 1.265 1.113 1.372 1.487 1.641 0.886 2.161 3.097 2.161 1.557 4.975 5.635 6.093 7.264 4.651 17.461 1.824 3.895 2.343 3.994 4.057 7.034 
5.616 1.037 1.037 0.035 0.962 1.072 1.43 1.391 0.961 3.546 0.767 1.188 0.828 3.981 0.646 0 4.466 5.073 1.073 0.706 2.789 5.422 3.559 0.948 1.553 1.398 8.352 0.957 6.101 2.127 2.679 2.924 1.385 6.242 7.104 0.869 1.015 3.057 1.337 1.39 0.965 2.517 1.549 5.741 2.734 5.599 6.876 5.879 2.421 6.186 1.391 1.001 5.991 1.219 4.193 2.678 7.103 0.707 3.056 2.701 2.336 1.529 4.437 0.734 1.434 2.653 2.753 4.507 1.532 3.637 3.637 1.233 0.936 2.965 7.556 4.645 2.026 2.296 0.544 1.446 1.733 0.954 1.069 1.223 0.468 2.745 3.681 2.778 1.759 5.196 5.816 6.274 6.846 4.233 17.682 1.406 4.479 2.964 4.578 3.639 6.616 
9.335 4.755 4.755 4.547 4.691 4.79 4.692 4.653 4.69 4.179 3.859 3.855 4.557 0.904 4.375 4.511 0 8.195 4.558 4.672 6.937 6.805 4.192 3.597 3.231 3.048 4.398 4.241 7.484 4.36 2.503 3.503 3.365 8.714 10.823 4.319 4.12 3.218 3.164 3.804 4.404 3.002 3.497 8.314 6.882 9.318 2.922 7.262 3.836 2.232 3.805 3.877 8.564 3.316 4.826 3.173 3.149 4.114 6.178 2.525 4.397 4.977 4.335 4.082 3.587 3.621 3.727 5.14 5.261 1.033 1.033 3.647 4.267 3.544 3.602 5.278 2.787 4.357 3.951 4.568 3.612 3.432 3.55 3.662 4.464 3.535 4.314 2.583 5.725 8.318 8.389 7.779 2.892 0.232 20.804 4.854 4.646 3 5.211 2.862 2.662 
3.869 4.102 4.102 5.173 4.027 4.137 3.826 3.928 4.026 5.89 5.348 5.769 4.426 8.562 4.244 5.137 9.047 0 5.096 4.771 2.51 5.12 5.903 5.529 5.385 5.979 12.933 4.555 5.539 4.233 6.244 5.268 5.966 5.385 5.357 4.633 4.506 5.401 5.765 5.265 5.03 5.596 5.161 4.884 2.455 3.852 11.457 5.55 4.859 10.767 5.266 5.338 5.134 5.8 6.537 5.351 11.684 5.04 2.582 6.266 4.68 6.009 7.077 5.315 5.058 5.326 5.225 6.851 3.219 8.218 8.218 5.57 4.809 5.309 12.137 6.989 5.638 4.441 5.125 3.885 4.812 5.535 5.65 5.804 5.09 5.089 6.025 5.857 3.203 2.889 4.959 5.417 11.427 8.814 15.375 5.886 6.823 5.554 6.922 8.22 11.197 
5.945 1.365 1.365 0.363 1.29 1.4 1.8 1.761 1.289 3.916 0.766 1.072 1.156 3.865 0.974 0.327 4.35 5.443 0 0.488 3.118 5.792 3.929 0.832 1.819 1.282 8.236 1.285 6.471 2.497 2.563 3.294 1.653 6.612 7.433 1.239 1.385 3.278 1.221 1.705 0.768 2.462 1.864 6.111 3.063 5.928 6.76 6.249 2.791 6.07 1.706 1.316 6.361 1.103 4.563 2.62 6.987 1.035 3.426 2.585 2.706 1.341 4.395 0.733 1.749 3.023 3.123 4.877 1.86 3.521 3.521 1.548 1.264 3.335 7.44 5.015 2.247 2.666 0.858 1.816 2.103 1.219 1.337 1.107 0.28 3.115 4.051 2.643 2.087 5.566 6.186 6.644 6.73 4.117 18.052 1.218 4.849 3.06 4.948 3.523 6.5 
5.983 1.403 1.403 0.401 1.328 1.438 1.796 1.757 1.327 3.912 0.781 1.087 1.194 3.88 1.012 0.365 4.365 5.439 0.9 0 3.156 5.788 3.925 0.847 1.834 1.297 8.251 1.323 6.467 2.493 2.578 3.29 1.668 6.608 7.471 1.235 1.381 3.293 1.236 1.72 0.258 2.477 1.879 6.107 3.101 5.966 6.775 6.245 2.787 6.085 1.721 1.331 6.357 1.118 4.559 2.635 7.002 1.073 3.422 2.6 2.702 1.237 4.41 0.748 1.764 3.019 3.119 4.873 1.898 3.536 3.536 1.563 1.302 3.331 7.455 5.011 2.262 2.662 0.91 1.812 2.099 1.234 1.352 1.122 0.318 3.111 4.047 2.658 2.125 5.562 6.182 6.64 6.745 4.132 18.048 1.114 4.845 3.075 4.944 3.538 6.515 
3.349 2.16 2.16 3.231 2.085 2.195 1.884 1.986 2.084 4.508 3.966 4.387 2.484 7.18 2.302 3.195 7.665 2.463 3.714 2.829 0 3.738 4.521 4.147 4.003 4.597 11.551 2.613 4.157 2.851 4.862 3.886 4.584 4.003 4.837 2.691 2.564 4.019 4.383 3.883 3.088 4.214 3.779 3.502 0.467 3.332 10.075 4.168 3.477 9.385 3.884 3.956 3.752 4.418 5.155 3.969 10.302 3.658 1.2 4.884 3.298 4.067 5.695 3.933 3.676 3.944 3.843 5.469 1.277 6.836 6.836 4.188 3.427 3.927 10.755 5.607 4.256 3.059 3.743 2.503 3.43 4.153 4.268 4.422 3.148 3.707 4.643 4.475 1.261 2.586 3.577 4.035 10.045 7.432 15.072 3.944 5.441 4.172 5.54 6.838 9.815 
7.557 4.935 4.935 5.823 4.926 4.97 4.872 4.833 4.925 3.902 5.711 6.132 5.034 6.386 5.297 5.787 6.871 4.685 5.459 5.948 3.427 0 3.915 5.892 4.111 4.548 10.757 5.163 0.913 3.357 4.99 3.707 4.865 2.039 9.045 5.241 5.114 3.84 4.664 4.381 6.228 4.094 3.881 1.639 3.372 7.54 9.281 0.691 3.553 8.591 4.382 4.454 1.889 4.938 4.549 3.79 9.508 5.403 2.63 5.012 3.164 6.801 4.611 5.678 4.164 3.765 3.81 4.863 4.118 6.042 6.042 4.289 5.172 3.748 9.961 5.001 4.137 3.134 5.488 4.248 3.93 4.64 4.359 5.008 5.74 3.396 4.037 4.366 4.021 4.808 1.714 1.208 9.251 6.638 17.294 6.678 4.835 3.993 4.934 6.044 9.021 
7.209 2.629 2.629 3.517 3.149 2.664 2.566 2.527 3.148 0.514 3.405 3.097 2.728 2.915 2.991 3.481 3.4 6.069 3.153 3.642 4.811 4.034 0 2.839 1.945 2.29 7.286 2.857 4.713 2.112 1.519 1.213 2.607 5.943 8.697 2.932 2.808 0.805 2.406 2.441 3.922 1.537 1.916 5.543 4.756 7.192 5.81 4.491 1.588 5.12 2.442 2.514 5.793 2.558 1.028 1.233 6.037 3.097 4.052 1.541 1.92 4.495 0.903 3.372 2.224 1.208 1.316 1.661 3.249 2.571 2.571 2.324 2.866 1.254 6.49 1.799 1.586 1.89 3.182 2.442 1.99 2.7 2.429 2.904 3.434 0.902 0.479 1.069 3.599 6.192 5.618 5.008 5.78 3.167 18.678 4.372 0.817 0.958 1.732 2.573 5.55 
6.844 2.124 2.124 1.51 1.758 2.159 2.061 2.022 1.757 2.995 0.399 0.702 2.223 3.496 1.442 1.474 3.981 5.704 1.146 1.635 4.446 5.324 3.008 0 1.035 0.913 7.867 1.308 6.003 1.921 2.194 2.373 0.867 6.873 8.332 1.5 1.187 2.506 0.666 0.872 1.153 1.934 1.031 6.372 4.391 6.827 6.391 5.781 1.835 5.701 0.873 0.483 6.622 0.734 3.642 2.092 6.618 0.654 3.687 2.216 2.13 1.726 4.026 0.655 0.916 2.067 2.33 3.956 2.744 3.152 3.152 0.715 0.883 2.414 7.071 4.094 1.508 2.09 0.491 2.077 1.146 0.436 0.551 0.804 1.427 2.194 3.13 2.274 3.234 5.827 6.447 6.298 6.361 3.748 18.313 1.603 3.928 2.378 4.027 3.154 6.131 
6.416 1.836 1.836 1.877 1.65 1.871 1.773 1.734 1.649 1.955 1.449 1.243 1.516 2.895 1.334 1.841 3.38 5.276 1.513 2.002 4.018 4.47 1.968 0.985 0 0.436 7.266 1.2 5.149 1.319 1.074 1.333 0.753 6.445 7.904 1.278 1.079 1.466 0.552 0.569 1.792 0.891 0.456 5.944 3.963 6.399 5.79 4.927 0.795 5.1 0.764 0.836 6.194 0.704 2.602 1.052 6.017 1.457 3.259 1.096 1.356 2.365 2.811 1.732 0.546 1.027 1.29 2.916 2.22 2.551 2.551 0.413 1.226 1.374 6.47 3.054 0.468 1.316 1.542 1.649 0.571 1.022 0.483 1.05 1.794 1.154 2.09 1.152 2.806 5.399 6.019 5.444 5.76 3.147 17.885 2.242 2.888 1.338 2.987 2.553 5.53 
7.207 2.487 2.487 1.498 2.425 2.522 2.424 2.385 2.424 2.328 0.81 0.822 2.586 2.582 2.109 1.462 3.067 6.067 1.509 1.623 4.25 5.123 2.341 0.548 0.652 0 6.953 2.13 5.802 1.972 1.28 1.652 0.316 7.236 8.695 1.863 2.009 1.995 0.115 0.951 1.355 1.179 1.275 6.735 4.195 7.19 5.477 5.58 1.448 4.787 0.952 0.894 6.985 0.267 2.975 1.337 5.704 1.065 4.05 1.302 2.009 1.928 3.112 1.033 1.365 1.378 1.478 3.289 3.107 2.238 2.238 0.795 1.294 1.693 6.157 3.427 0.964 1.969 0.902 2.44 1.39 0.383 0.501 0.613 1.415 1.684 2.463 1.36 3.597 6.19 6.81 6.097 5.447 2.834 18.676 1.805 3.423 1.777 3.36 2.24 5.217 
16.724 8.563 8.563 8.355 8.499 8.598 8.5 8.461 8.498 7.987 7.667 7.663 8.365 4.712 8.183 8.319 5.197 12.003 8.366 8.48 10.745 10.613 8 7.405 7.039 6.856 0 8.049 13.314 8.168 6.311 7.311 7.173 13.726 18.212 8.127 7.928 7.026 6.972 7.612 8.212 6.81 7.305 12.122 10.69 16.707 2.24 11.07 7.644 5.97 7.613 7.685 12.372 7.124 8.634 6.981 1.248 7.922 9.986 6.333 8.205 8.785 8.143 7.89 7.395 7.429 7.535 8.948 9.069 4.841 4.841 7.455 8.075 7.352 1.272 7.123 6.595 8.165 7.759 8.376 7.42 7.24 7.358 7.47 8.272 7.343 8.122 6.391 9.533 12.126 13.537 13.203 1.728 4.964 24.612 8.662 8.454 6.808 9.019 6.67 1.98 
5.428 0.525 0.525 1.214 0.45 0.56 0.844 0.697 0.449 2.96 1.32 1.9 0.316 4.693 0.134 1.178 5.178 4.542 1.713 0.812 2.601 4.931 2.973 1.66 1.397 2.11 9.064 0 5.61 1.541 2.216 2.338 1.938 5.751 6.916 0.523 0.396 2.471 2.049 1.235 1.071 2.036 1.133 5.25 2.546 5.411 7.588 5.388 1.929 6.898 1.236 1.308 5.5 1.931 3.607 2.421 7.815 1.26 2.565 2.238 1.75 2.05 4.147 1.287 1.018 2.396 2.295 3.921 1.02 4.349 4.349 1.54 1.215 2.379 8.268 4.059 1.61 1.71 1.097 0.955 1.248 1.507 1.622 1.935 1.131 2.159 3.095 2.296 1.247 4.665 5.325 5.783 7.558 4.945 17.151 1.927 3.893 2.624 3.992 4.351 7.328 
6.827 5.562 5.562 6.45 5.553 5.597 5.499 5.46 5.552 4.718 6.338 6.759 5.661 7.202 5.924 6.414 7.687 5.312 6.086 6.575 4.054 0.946 4.731 6.519 4.927 5.364 11.573 5.79 0 4.173 5.806 4.523 5.681 1.221 8.315 5.868 5.741 4.656 5.48 5.197 6.855 4.91 4.697 1.121 3.999 6.81 10.097 0.582 4.369 9.407 5.198 5.27 1.286 5.754 5.365 4.606 10.324 6.03 3.257 5.828 3.98 7.428 5.427 6.305 4.98 4.581 4.626 5.679 4.745 6.858 6.858 5.105 5.799 4.564 10.777 5.817 4.953 3.95 6.115 4.875 4.746 5.456 5.175 6.794 6.367 4.212 4.853 5.182 4.648 5.435 0.98 0.227 10.067 7.454 18.518 7.305 5.651 4.809 5.75 6.86 9.837 
5.168 1.253 1.253 2.141 1.773 1.288 1.19 1.151 1.772 1.707 2.029 2.45 1.352 3.764 1.615 2.105 4.249 4.028 1.777 2.266 2.77 3.361 1.72 2.21 1.234 1.97 8.135 1.481 4.04 0 2.094 1.085 1.924 5.27 6.656 1.559 1.432 1.218 1.723 1.234 2.546 1.445 1.132 4.87 2.715 5.151 6.659 3.818 0.676 5.969 1.235 1.307 5.12 1.791 2.354 1.168 6.886 1.721 2.011 2.116 0.247 3.119 2.894 1.996 1.017 1.143 1.042 2.668 1.655 3.42 3.42 1.541 1.49 1.126 7.339 2.806 1.488 0.207 1.806 0.566 0.783 1.493 1.608 1.861 2.058 0.906 1.842 1.706 1.558 4.151 4.945 4.335 6.629 4.016 16.637 2.996 2.64 1.371 2.739 3.422 6.399 
6.962 2.382 2.382 2.683 2.456 2.417 2.319 2.28 2.455 1.656 2.255 2.24 2.481 2.473 2.14 2.647 2.958 5.822 2.319 2.808 4.564 4.282 1.669 1.982 0.996 1.433 6.844 2.006 4.961 1.865 0 0.98 1.75 6.191 8.45 2.084 1.885 0.698 1.549 1.569 2.789 0.508 1.002 5.791 4.509 6.945 5.368 4.739 1.341 4.678 1.57 1.642 6.041 2.126 2.303 0.665 5.595 2.263 3.805 0.018 1.902 3.362 1.965 2.538 1.352 1.104 1.204 2.617 3.002 2.129 2.129 1.412 2.032 1.021 6.048 2.755 0.552 1.862 2.348 2.195 1.117 1.828 1.482 2.047 2.6 1.012 1.791 0.306 3.352 5.945 5.866 5.256 5.338 2.725 18.431 3.239 2.276 0.492 2.688 2.131 5.108 
6.666 2.086 2.086 2.974 2.606 2.121 2.023 1.984 2.605 1.225 2.862 2.992 2.185 2.81 2.448 2.938 3.295 5.526 2.61 3.099 4.268 3.851 1.238 3.043 1.402 2.185 7.181 2.314 4.53 1.569 1.414 0 2.502 5.76 8.154 2.389 2.265 0.264 2.301 1.898 3.379 0.996 1.373 5.36 4.213 6.649 5.705 4.308 1.045 5.015 1.899 1.971 5.61 2.453 1.872 0.692 5.932 2.554 3.509 1.436 1.606 3.952 1.94 2.829 1.681 0.667 0.773 2.186 2.706 2.466 2.466 1.781 2.323 0.04 6.385 2.324 1.039 1.566 2.639 1.899 1.447 2.157 1.886 2.799 2.891 0.581 1.36 0.79 3.056 5.649 5.435 4.825 5.675 3.062 18.135 3.829 2.251 0.417 2.257 2.468 5.445 
6.89 2.17 2.17 1.181 2.108 2.205 2.107 2.068 2.107 3.078 0.631 0.505 2.269 3.264 1.792 1.145 3.749 5.75 1.192 1.306 3.933 5.593 3.091 0.231 1.122 0.681 7.635 1.813 6.272 2.442 1.962 2.456 0 6.919 8.378 1.546 1.692 2.677 0.892 1.104 1.038 1.861 1.263 6.418 3.878 6.873 6.159 6.05 1.918 5.469 1.105 0.715 6.668 0.502 3.725 2.019 6.386 0.886 3.733 1.984 2.479 1.611 3.794 0.716 1.148 2.06 2.16 4.039 2.79 2.92 2.92 0.897 1.115 2.497 6.839 4.177 1.646 2.439 0.723 2.123 1.378 0.618 0.736 0.296 1.098 2.277 3.213 2.042 3.28 5.873 6.493 6.567 6.129 3.516 18.359 1.488 4.105 2.459 4.11 2.922 5.899 
7.337 5.528 5.528 6.416 5.519 5.563 5.465 5.426 5.518 5.811 6.304 6.725 5.627 8.295 5.89 6.38 8.78 5.278 6.052 6.541 4.02 2.039 5.824 6.485 6.341 6.935 10.545 5.756 1.246 5.189 7.2 5.616 6.922 0 8.825 5.834 5.707 5.749 6.721 6.221 6.821 6.552 6.117 0.743 3.965 7.32 11.19 1.829 5.815 10.5 6.222 6.294 0.672 6.756 6.458 5.699 11.417 5.996 3.223 7.222 5.073 7.394 6.52 6.271 6.014 5.674 5.719 6.772 4.711 7.951 7.951 6.526 5.765 5.657 11.87 6.303 6.594 5.043 6.081 4.841 5.768 6.491 6.606 6.76 6.333 5.305 5.946 6.813 4.614 5.401 0.573 1.073 11.16 8.547 19.028 7.271 6.744 5.902 6.843 7.953 10.93 
1.487 6.5 6.5 7.571 6.425 6.535 6.224 6.326 6.424 8.288 7.746 8.167 6.824 10.96 6.642 7.535 11.445 5.164 7.494 7.169 4.908 9.968 8.301 7.927 7.783 8.377 15.331 6.953 9.285 6.631 8.642 7.666 8.364 9.697 0 7.031 6.904 7.799 8.163 7.663 7.428 7.994 7.559 7.282 4.853 1.504 13.855 9.868 7.257 13.165 7.664 7.736 7.532 8.198 8.935 7.749 14.082 7.438 4.98 8.664 7.078 8.407 9.475 7.713 7.456 7.724 7.623 9.249 5.617 10.616 10.616 7.968 7.207 7.707 14.535 12.378 8.036 6.839 7.523 6.283 7.21 7.933 8.048 8.202 7.488 7.487 8.423 8.255 5.601 5.287 7.357 9.174 13.825 11.212 14.829 8.284 9.221 7.952 9.32 10.618 13.595 
5.661 0.758 0.758 1.105 0.683 0.793 1.077 0.93 0.682 3.193 1.293 1.791 0.549 4.584 0.367 1.069 5.069 4.775 1.604 0.703 2.834 5.164 3.206 1.551 1.63 2.001 8.955 0.678 5.843 1.774 2.449 2.571 1.911 5.984 7.149 0 0.629 2.704 1.94 1.468 0.962 2.269 1.366 5.483 2.779 5.644 7.479 5.621 2.162 6.789 1.469 1.527 5.733 1.822 3.84 2.654 7.706 1.233 2.798 2.471 1.983 1.941 4.38 1.26 1.251 2.629 2.528 4.154 1.253 4.24 4.24 1.759 1.462 2.612 8.159 4.292 1.843 1.943 1.07 1.188 1.481 1.48 1.595 1.826 1.022 2.392 3.328 2.529 1.48 4.898 5.558 6.016 7.449 4.836 17.384 1.818 4.126 2.857 4.225 4.242 7.219 
5.865 0.962 0.962 0.784 0.887 0.997 1.281 1.134 0.886 3.397 1 1.421 0.753 4.214 0.571 0.748 4.699 5.306 1.306 0.907 3.038 5.655 3.41 1.181 1.786 1.631 8.585 0.882 6.334 1.978 2.912 2.775 1.618 6.475 7.353 0.203 0 2.908 1.57 1.623 1.166 2.75 1.782 5.974 2.983 5.848 7.109 6.112 2.654 6.419 1.624 1.234 6.224 1.452 4.044 2.911 7.336 0.94 3.289 2.934 2.187 1.762 4.67 0.967 1.667 2.886 2.732 4.358 1.457 3.87 3.87 1.466 1.169 2.816 7.789 4.496 2.259 2.147 0.777 1.679 1.966 1.187 1.302 1.456 0.701 2.596 3.532 3.011 1.684 5.429 6.049 6.507 7.079 4.466 17.915 1.639 4.33 3.197 4.429 3.872 6.849 
6.401 1.821 1.821 2.709 2.341 1.856 1.758 1.719 2.34 0.96 2.597 2.381 1.92 2.963 2.183 2.673 3.448 5.261 2.345 2.834 4.003 3.586 0.973 2.778 1.137 1.574 7.334 2.049 4.265 1.304 1.567 0.284 1.891 5.495 7.889 2.124 2 0 1.69 1.633 3.114 0.731 1.108 5.095 3.948 6.384 5.858 4.043 0.78 5.168 1.634 1.706 5.345 2.19 1.607 0.427 6.085 2.289 3.244 1.589 1.341 3.687 2.093 2.564 1.416 0.402 0.508 1.921 2.441 2.619 2.619 1.516 2.058 0.325 6.538 2.059 0.774 1.301 2.374 1.634 1.182 1.892 1.621 2.26 2.626 0.316 1.095 0.992 2.791 5.384 5.17 4.56 5.828 3.215 17.87 3.564 1.893 0.57 1.992 2.621 5.598 
7.338 2.618 2.618 1.629 2.556 2.653 2.555 2.516 2.555 2.699 0.962 0.698 2.717 2.904 2.24 1.593 3.389 6.198 1.64 1.754 4.381 5.214 2.712 0.946 0.743 0.397 7.275 2.261 5.893 2.063 1.602 2.077 0.714 7.367 8.826 1.994 2.14 2.21 0 1.042 1.486 1.635 1.2 6.866 4.326 7.321 5.799 5.671 1.539 5.109 1.043 1.118 7.116 0.419 3.346 1.796 6.026 1.217 4.181 1.624 2.1 2.059 3.434 1.431 1.29 1.771 2.034 3.66 3.238 2.56 2.56 0.886 1.52 2.118 6.479 3.798 1.212 2.06 1.054 2.571 1.315 0.535 0.653 1.011 1.546 1.898 2.834 1.682 3.728 6.321 6.941 6.188 5.769 3.156 18.807 1.936 3.632 2.099 3.731 2.562 5.539 
6.579 2.182 2.182 1.568 1.813 2.217 2.119 2.08 1.812 2.118 1.152 1.191 2.281 3.02 1.497 1.532 3.505 5.439 1.204 1.693 4.181 4.633 2.131 1.215 0.162 0.553 7.391 1.363 5.312 1.482 1.237 1.496 0.693 6.608 8.067 1.558 1.242 1.629 0.492 0 1.835 1.054 0.619 6.107 4.126 6.562 5.915 5.09 0.958 5.225 0.464 0.539 6.357 1.023 2.765 1.215 6.142 1.027 3.422 1.259 1.519 2.408 2.974 1.423 0.709 1.19 1.453 3.079 2.802 2.676 2.676 0.307 0.941 1.537 6.595 3.217 0.631 1.479 1.244 1.812 0.734 0.725 0.377 1.093 1.485 1.317 2.253 1.315 2.969 5.562 6.182 5.607 5.885 3.272 18.048 2.285 3.051 1.501 3.15 2.678 5.655 
5.724 1.144 1.144 0.142 1.069 1.179 1.537 1.498 1.068 3.653 0.874 1.295 0.935 4.088 0.753 0.106 4.573 5.18 1.18 0.267 2.897 5.529 3.666 1.055 1.66 1.505 8.459 1.064 6.208 2.234 2.786 3.031 1.492 6.349 7.212 0.976 1.122 3.164 1.444 1.497 0 2.624 1.656 5.848 2.842 5.707 6.983 5.986 2.528 6.293 1.498 1.108 6.098 1.326 4.3 2.785 7.21 0.814 3.163 2.808 2.443 1.505 4.544 0.841 1.541 2.76 2.86 4.614 1.639 3.744 3.744 1.34 1.043 3.072 7.663 4.752 2.133 2.403 0.651 1.553 1.84 1.061 1.176 1.33 0.059 2.852 3.788 2.885 1.866 5.303 5.923 6.381 6.953 4.34 17.789 1.382 4.586 3.071 4.685 3.746 6.723 
6.59 2.01 2.01 2.173 1.946 2.045 1.947 1.908 1.945 1.617 1.745 1.73 1.812 2.43 1.63 2.137 2.915 5.45 1.809 2.298 4.192 4.243 1.63 1.472 0.486 0.923 6.801 1.496 4.922 1.615 0.648 0.941 1.24 6.152 8.078 1.574 1.375 1.118 1.039 1.059 2.279 0 0.752 6.118 4.137 6.573 5.325 4.7 1.091 4.635 1.06 1.132 6.368 1.616 2.264 0.626 5.552 1.753 3.433 0.67 1.652 2.852 2.48 2.028 0.842 0.855 0.955 2.578 2.516 2.086 2.086 0.902 1.522 0.982 6.005 2.716 0.042 1.612 1.838 1.823 0.867 1.318 0.972 1.537 2.09 0.973 1.752 0.728 2.98 5.573 6.193 5.217 5.295 2.682 18.059 2.729 2.791 0.912 2.649 2.088 5.065 
5.849 1.269 1.269 1.68 1.453 1.304 1.206 1.167 1.452 1.965 1.252 1.484 1.368 3.329 1.137 1.644 3.814 4.709 1.316 1.805 3.451 4.296 1.978 1.315 0.69 1.302 7.7 1.003 4.975 0.893 1.547 1.343 1.256 5.878 7.337 1.081 0.882 1.476 1.055 0.566 2.085 0.901 0 5.377 3.396 5.832 6.224 4.753 0.805 5.534 0.567 0.639 5.627 1.123 2.612 1.062 6.451 1.26 2.692 1.569 1.102 2.658 2.821 1.535 0.349 1.037 1.137 2.926 1.889 2.985 2.985 0.873 1.029 1.384 6.904 3.064 0.941 1.062 1.345 1.082 0.115 0.825 0.94 1.193 1.597 1.164 2.1 1.162 2.239 4.832 5.452 5.27 6.194 3.581 17.318 2.535 2.898 1.348 2.997 2.987 5.964 
7.237 4.882 4.882 5.77 4.873 4.917 4.819 4.78 4.872 5.423 5.658 6.079 4.981 8.872 5.244 5.734 9.357 4.632 5.406 5.895 3.374 1.651 5.436 5.839 5.695 6.289 13.243 5.11 1.146 4.543 6.554 5.578 6.276 0.676 8.725 5.188 5.061 5.711 6.075 5.575 6.175 5.906 5.471 0 3.319 7.22 11.767 2.081 5.169 11.077 5.576 5.648 0.25 6.11 6.07 5.661 11.994 5.35 2.577 6.576 4.99 6.748 6.132 5.625 5.368 5.636 5.535 6.384 4.065 8.528 8.528 5.88 5.119 5.619 12.447 6.522 5.948 4.751 5.435 4.195 5.122 5.845 5.96 6.114 5.687 4.917 5.558 6.167 3.968 4.755 0.179 0.973 11.737 9.124 17.241 6.625 6.356 5.864 6.455 8.53 11.507 
2.881 2.252 2.252 3.323 2.177 2.287 1.976 2.078 2.176 4.04 3.498 3.919 2.576 6.712 2.394 3.287 7.197 1.995 3.246 2.921 0.66 3.27 4.053 3.679 3.535 4.129 11.083 2.705 3.689 2.383 4.394 3.418 4.116 3.535 4.369 2.783 2.656 3.551 3.915 3.415 3.18 3.746 3.311 3.034 0 2.864 9.607 3.7 3.009 8.917 3.416 3.488 3.284 3.95 4.687 3.501 9.834 3.19 0.732 4.416 2.83 4.159 5.227 3.465 3.208 3.476 3.375 5.001 1.369 6.368 6.368 3.72 2.959 3.459 10.287 5.139 3.788 2.591 3.275 2.035 2.962 3.685 3.8 3.954 3.24 3.239 4.175 4.007 1.353 2.118 3.109 3.567 9.577 6.964 14.604 4.036 4.973 3.704 5.072 6.37 9.347 
0.016 4.995 4.995 6.066 4.92 5.03 4.719 4.821 4.919 6.783 6.241 6.662 5.319 9.455 5.137 6.03 9.94 3.659 5.989 5.664 3.403 8.463 6.796 6.422 6.278 6.872 13.826 5.448 7.78 5.126 7.137 6.161 6.859 8.192 1.504 5.526 5.399 6.294 6.658 6.158 5.923 6.489 6.054 5.777 3.348 0 12.35 8.363 5.752 11.66 6.159 6.231 6.027 6.693 7.43 6.244 12.577 5.933 3.475 7.159 5.573 6.902 7.97 6.208 5.951 6.219 6.118 7.744 4.112 9.111 9.111 6.463 5.702 6.202 13.03 10.873 6.531 5.334 6.018 4.778 5.705 6.428 6.543 6.697 5.983 5.982 6.918 6.75 4.096 3.782 5.852 7.669 12.32 9.707 13.324 6.779 7.716 6.447 7.815 9.113 12.09 
11.574 6.994 6.994 6.786 6.93 7.029 6.931 6.892 6.929 6.418 6.098 6.094 6.796 3.143 6.614 6.75 3.628 10.434 6.797 6.911 9.176 9.044 6.431 5.836 5.47 5.287 2.617 6.48 9.723 6.599 4.742 5.742 5.604 10.953 13.062 6.558 6.359 5.457 5.403 6.043 6.643 5.241 5.736 10.553 9.121 11.557 0 9.501 6.075 4.401 6.044 6.116 10.803 5.555 7.065 5.412 1.368 6.353 8.417 4.764 6.636 7.216 6.574 6.321 5.826 5.86 5.966 7.379 7.5 3.272 3.272 5.886 6.506 5.783 1.485 7.517 5.026 6.596 6.19 6.807 5.851 5.671 5.789 5.901 6.703 5.774 6.553 4.822 7.964 10.557 10.628 10.018 0.775 3.395 23.043 7.093 6.885 5.239 7.45 5.101 0.348 
6.865 5.851 5.851 6.739 5.842 5.886 5.788 5.749 5.841 5.025 6.627 7.048 5.95 7.509 6.213 6.703 7.994 5.601 6.375 6.864 4.343 1.414 5.038 6.808 5.234 5.671 10.073 6.079 0.467 4.48 6.113 4.83 5.988 1.51 8.353 6.157 6.03 4.963 5.787 5.504 7.144 5.217 5.004 1.41 4.288 6.848 10.404 0 4.676 9.714 5.505 5.577 1.575 7.079 5.672 4.913 10.631 6.319 3.546 6.135 4.287 7.717 5.734 6.594 5.287 4.888 4.933 5.986 5.034 7.165 7.165 5.412 6.088 4.871 11.084 5.831 5.26 4.257 6.404 5.164 5.053 5.763 5.482 7.083 6.656 4.519 5.16 5.489 4.937 5.724 1.269 0.516 10.374 7.761 18.556 7.594 5.958 5.116 6.057 7.167 10.144 
5.62 1.04 1.04 1.928 1.56 1.075 0.977 0.938 1.559 2.083 1.816 1.77 1.139 3.615 1.402 1.892 4.1 4.48 1.564 2.053 3.222 4.067 2.096 1.997 0.974 1.588 7.986 1.268 4.746 0.664 1.833 1.461 1.542 5.649 7.108 1.343 1.219 1.594 1.341 0.852 2.333 1.185 0.75 5.148 3.167 5.603 6.51 4.524 0 5.82 0.853 0.925 5.398 1.409 2.73 1.346 6.737 1.508 2.463 1.855 0.873 2.906 3.27 1.783 0.635 1.321 1.418 3.044 1.66 3.271 3.271 1.159 1.277 1.502 7.19 3.182 1.227 0.833 1.593 0.853 0.401 1.111 1.226 1.479 1.845 1.282 2.218 1.446 2.01 4.603 5.223 5.041 6.48 3.867 17.089 2.783 3.016 1.632 3.115 3.273 6.25 
9.506 4.926 4.926 4.718 4.862 4.961 4.863 4.824 4.861 4.35 4.03 4.026 4.728 0.845 4.546 4.682 0.17 8.366 4.729 4.843 7.108 6.976 4.363 3.768 3.402 3.219 4.569 4.412 7.655 4.531 2.674 3.674 3.536 8.885 10.994 4.49 4.291 3.389 3.335 3.975 4.575 3.173 3.668 8.485 7.053 9.489 3.093 7.433 4.007 0 3.976 4.048 8.735 3.487 3.101 3.344 3.32 4.285 6.349 2.696 4.568 5.148 2.504 4.253 3.758 3.792 3.898 5.311 5.432 1.06 1.06 3.818 4.438 3.715 3.773 5.449 2.958 4.528 4.122 4.739 3.783 3.603 3.721 3.833 4.635 3.706 4.485 2.754 5.896 8.489 8.56 7.95 3.063 0.403 20.975 5.025 2.815 3.171 5.382 1.098 2.833 
5.994 1.414 1.414 1.577 1.35 1.449 1.351 1.312 1.349 2.12 1.149 1.381 1.216 3.021 1.034 1.541 3.506 4.854 1.213 1.702 3.596 4.452 2.133 1.212 0.42 1.199 7.392 0.9 5.131 1.049 1.239 1.498 1.153 6.023 7.482 0.978 0.779 1.631 0.952 0.463 1.982 1.059 0.156 5.522 3.541 5.977 5.916 4.909 0.96 5.226 0 0.536 5.772 1.02 2.767 1.217 6.143 1.157 2.837 1.261 1.258 2.555 3.071 1.432 0.246 1.192 1.455 3.081 1.92 2.677 2.677 0.565 0.926 1.539 6.596 3.219 0.633 1.218 1.242 1.227 0.271 0.722 0.635 1.09 1.494 1.319 2.255 1.319 2.384 4.977 5.597 5.426 5.886 3.273 17.463 2.432 3.053 1.503 3.152 2.679 5.656 
6.826 2.106 2.106 1.492 1.74 2.141 2.043 2.004 1.739 2.507 1.076 1.115 2.205 2.944 1.424 1.456 3.429 5.686 1.128 1.617 4.428 4.841 2.52 1.139 0.551 0.477 7.315 1.29 5.52 1.438 1.642 1.885 0.617 6.855 8.314 1.482 1.169 2.018 0.416 0.387 1.759 1.448 0.545 6.354 4.373 6.809 5.839 5.298 1.347 5.149 0.388 0 6.604 0.947 3.154 1.604 6.066 0.951 3.669 1.664 1.647 2.332 3.474 1.347 0.635 1.579 1.842 3.468 2.726 2.6 2.6 0.231 0.865 1.926 6.519 3.606 1.022 1.607 1.168 2.059 0.66 0.649 0.301 1.017 1.409 1.706 2.642 1.722 3.216 5.809 6.429 5.815 5.809 3.196 18.295 2.209 3.44 1.89 3.539 2.602 5.579 
7.402 5.132 5.132 6.02 5.123 5.167 5.069 5.03 5.122 5.673 5.908 6.329 5.231 9.122 5.494 5.984 9.607 4.882 5.656 6.145 3.624 1.901 5.686 6.089 5.945 6.539 13.493 5.36 1.311 4.793 6.804 5.828 6.526 0.672 8.89 5.438 5.311 5.961 6.325 5.825 6.425 6.156 5.721 0.25 3.569 7.385 12.017 1.894 5.419 11.327 5.826 5.898 0 6.36 6.32 5.911 12.244 5.6 2.827 6.826 5.24 6.998 6.382 5.875 5.618 5.886 5.785 6.634 4.315 8.778 8.778 6.13 5.369 5.869 12.697 6.772 6.198 5.001 5.685 4.445 5.372 6.095 6.21 6.364 5.937 5.167 5.808 6.417 4.218 5.005 0.305 1.138 11.987 9.374 17.491 6.875 6.606 6.114 6.705 8.78 11.757 
6.988 2.268 2.268 1.369 1.902 2.303 2.205 2.166 1.901 2.672 0.543 0.775 2.367 2.877 1.586 1.333 3.362 5.848 1.29 1.494 4.59 5.187 2.685 0.606 0.716 0.41 7.248 1.452 5.866 1.602 1.575 2.05 0.55 7.017 8.476 1.644 1.331 2.29 0.349 0.551 1.226 1.474 0.709 6.516 4.535 6.971 5.772 5.644 1.512 5.082 0.552 0.627 6.766 0 3.319 1.632 5.999 0.798 3.831 1.597 2.073 1.799 3.407 0.799 0.799 1.744 2.007 3.633 2.888 2.533 2.533 0.395 1.027 2.091 6.452 3.771 1.185 2.033 0.635 2.221 0.824 0.116 0.234 0.484 1.286 1.871 2.807 1.655 3.378 5.971 6.591 6.161 5.742 3.129 18.457 1.676 3.605 2.072 3.704 2.535 5.512 
10.489 3.174 3.174 4.062 3.694 3.209 3.111 3.072 3.693 0.953 3.95 3.734 3.273 3.696 3.536 4.026 4.181 6.614 3.698 4.187 5.356 4.579 0.966 4.131 2.49 2.927 8.067 3.402 5.258 2.657 2.3 1.758 3.244 7.491 11.977 3.477 3.353 1.891 3.043 2.986 4.467 2.145 2.461 6.088 5.301 10.472 6.591 5.036 2.133 5.901 2.987 3.059 6.338 3.543 0 1.841 6.818 3.642 4.597 2.322 2.465 5.04 0.625 3.917 2.769 1.816 1.861 0.66 3.794 3.352 3.352 2.869 3.411 1.799 7.271 0.798 2.188 2.435 3.727 2.987 2.535 3.245 2.974 3.613 3.979 1.447 0.591 1.85 4.144 6.737 6.163 5.553 6.561 3.948 19.223 4.917 0.285 2.044 0.731 3.354 6.331 
6.431 1.851 1.851 2.739 2.371 1.886 1.788 1.749 2.37 0.99 2.627 2.411 1.95 2.741 2.213 2.703 3.226 5.291 2.375 2.864 4.033 3.616 1.003 2.808 1.167 1.604 7.112 2.079 4.295 1.334 1.06 0.314 1.921 5.525 7.919 2.154 2.03 0.447 1.72 1.663 3.144 0.761 1.138 5.125 3.978 6.414 5.636 4.073 0.81 4.946 1.664 1.736 5.375 2.22 1.637 0 5.863 2.319 3.274 1.082 1.371 3.717 1.871 2.594 1.446 0.432 0.538 1.951 2.471 2.397 2.397 1.546 2.088 0.355 6.316 2.089 0.804 1.331 2.404 1.664 1.212 1.922 1.651 2.29 2.656 0.346 1.125 0.673 2.821 5.414 5.2 4.59 5.606 2.993 17.9 3.594 1.923 0.3 2.022 2.399 5.376 
13.246 7.552 7.552 7.344 7.488 7.587 7.489 7.45 7.487 6.976 6.656 6.652 7.354 3.701 7.172 7.308 4.186 10.992 7.355 7.469 9.734 9.602 6.989 6.394 6.028 5.845 1.248 7.038 10.281 7.157 5.3 6.3 6.162 10.248 14.734 7.116 6.917 6.015 5.961 6.601 7.201 5.799 6.294 11.111 9.679 13.229 1.229 10.059 6.633 4.959 6.602 6.674 11.361 6.113 7.623 5.97 0 6.911 8.975 5.322 7.194 7.774 7.132 6.879 6.384 6.418 6.524 7.937 8.058 3.83 3.83 6.444 7.064 6.341 1.22 6.57 5.584 7.154 6.748 7.365 6.409 6.229 6.347 6.459 7.261 6.332 7.111 5.38 8.522 11.115 10.059 9.725 1.199 3.953 23.601 7.651 7.443 5.797 8.008 5.659 0.969 
6.189 1.469 1.469 0.855 1.562 1.504 1.406 1.367 1.561 2.807 0.743 1.164 1.568 3.957 1.246 0.819 4.442 5.049 0.491 0.98 3.791 5.398 2.82 0.924 0.847 1.374 8.328 1.112 6.077 1.352 1.926 2.185 1.374 6.218 7.677 0.845 0.991 2.318 1.173 0.684 1.26 1.746 0.843 5.717 3.736 6.172 6.852 5.855 1.647 6.162 0.685 0.757 5.967 1.195 3.454 1.904 7.079 0 3.032 1.948 1.561 1.833 3.758 0.71 0.728 1.879 2.142 3.768 2.089 3.613 3.613 0.989 0.228 2.226 7.532 3.906 1.32 1.521 0.52 1.422 0.958 0.943 1.058 1.199 0.772 2.006 2.942 2.006 2.579 5.172 5.792 6.25 6.822 4.209 17.658 1.71 3.74 2.19 3.839 3.615 6.592 
3.414 2.352 2.352 3.24 2.343 2.387 2.289 2.25 2.342 3.67 3.128 3.549 2.451 6.342 2.714 3.204 6.827 2.274 2.876 3.365 1.016 2.801 3.683 3.309 3.165 3.759 10.713 2.58 3.22 2.013 4.024 3.048 3.746 3.066 4.902 2.658 2.531 3.181 3.545 3.045 3.645 3.376 2.941 2.565 0.961 3.397 9.237 3.231 2.639 8.547 3.046 3.118 2.815 3.58 4.317 3.131 9.464 2.82 0 4.046 2.46 4.218 4.857 3.095 2.838 3.106 3.005 4.631 1.535 5.998 5.998 3.35 2.589 3.089 9.917 4.769 3.418 2.221 2.905 1.665 2.592 3.315 3.43 3.584 3.157 2.869 3.805 3.637 1.438 2.397 2.64 3.098 9.207 6.594 14.883 4.095 4.603 3.334 4.702 6 8.977 
6.943 2.363 2.363 2.664 2.437 2.398 2.3 2.261 2.436 1.637 2.236 2.221 2.462 2.454 2.121 2.628 2.939 5.803 2.3 2.789 4.545 4.263 1.65 1.963 0.977 1.414 6.825 1.987 4.942 1.846 0.672 0.961 1.731 6.172 8.431 2.065 1.866 0.679 1.53 1.55 2.77 0.489 0.983 5.772 4.49 6.926 5.349 4.72 1.322 4.659 1.551 1.623 6.022 2.107 2.284 0.646 5.576 2.244 3.786 0 1.883 3.343 1.946 2.519 1.333 1.085 1.185 2.598 2.983 2.11 2.11 1.393 2.013 1.002 6.029 2.736 0.533 1.843 2.329 2.176 1.098 1.809 1.463 2.028 2.581 0.993 1.772 0.287 3.333 5.926 5.847 5.237 5.319 2.706 18.412 3.22 2.257 0.473 2.669 2.112 5.089 
5.709 1.675 1.675 2.563 2.195 1.71 1.612 1.573 2.194 1.665 2.451 2.436 1.774 3.722 2.037 2.527 4.207 4.569 2.199 2.688 3.311 3.573 1.678 2.632 1.192 1.629 8.093 1.903 4.252 0.422 2.052 1.043 1.946 5.482 7.197 1.978 1.854 1.176 1.745 1.487 2.968 1.403 0.962 5.082 3.256 5.692 6.617 4.03 0.634 5.927 1.488 1.56 5.332 2.044 2.312 1.126 6.844 2.143 2.39 2.074 0 3.541 2.852 2.418 1.27 1.101 1 2.626 2.196 3.378 3.378 1.37 1.912 1.084 7.297 2.764 1.446 0.215 2.228 0.989 1.036 1.746 1.44 2.114 2.48 0.864 1.8 1.664 2.099 4.692 5.157 4.547 6.587 3.974 17.178 3.418 2.598 1.329 2.697 3.38 6.357 
6.608 2.512 2.512 1.506 2.433 2.547 2.449 2.41 2.432 4.565 1.415 1.721 2.299 4.514 2.117 1.47 4.999 6.092 1.534 1.631 3.781 6.441 4.578 1.481 2.468 1.931 8.885 2.155 7.12 3.146 3.212 3.943 2.302 7.261 8.096 1.888 2.034 3.927 1.87 2.354 1.363 3.111 2.513 6.76 3.726 6.591 7.409 6.898 3.44 6.719 2.355 1.965 7.01 1.752 5.212 3.269 7.636 1.67 4.075 3.234 3.355 0 5.044 1.382 2.398 3.672 3.772 5.526 3.132 4.17 4.17 2.197 1.899 3.984 8.089 5.664 2.896 3.315 1.507 2.465 2.752 1.868 1.986 1.756 1.423 3.764 4.7 3.292 3.622 6.215 6.835 7.293 7.379 4.766 18.701 0.291 5.498 3.709 5.597 4.172 7.149 
11.762 3.281 3.281 3.973 3.801 3.316 3.218 3.179 3.8 0.974 3.285 3.281 3.38 3.099 3.643 3.937 3.584 6.721 3.805 4.098 5.463 4.686 0.987 3.023 2.214 2.474 7.47 3.509 5.365 2.764 1.703 1.865 2.791 8.764 13.25 3.584 3.103 1.457 2.59 2.787 3.83 1.985 2.48 6.195 5.408 11.745 5.994 5.143 2.24 5.304 2.788 2.86 6.445 2.742 0.625 1.843 6.221 3.749 4.704 1.725 2.572 4.403 0 3.508 2.57 1.86 1.968 1.286 3.901 2.755 2.755 2.63 3.518 1.906 6.674 1.424 1.77 2.542 3.834 3.094 2.642 2.858 2.7 3.088 4.086 1.554 1.042 1.253 4.251 6.844 8.575 5.66 5.964 3.351 19.33 4.28 0.339 1.61 1.357 2.757 5.734 
6.948 2.228 2.228 1.049 1.862 2.263 2.165 2.126 1.861 3.099 0.503 0.455 2.327 3.248 1.546 1.013 3.733 5.808 1.25 1.174 4.55 5.428 3.112 0.215 1.139 0.665 7.619 1.412 6.107 2.025 1.946 2.477 0.971 6.977 8.436 1.604 1.291 2.661 0.604 0.976 0.906 1.845 1.135 6.476 4.495 6.931 6.143 5.885 1.939 5.453 0.977 0.587 6.726 0.486 3.746 2.003 6.37 0.758 3.791 1.968 2.234 1.479 3.778 0 1.02 2.044 2.144 4.06 2.848 2.904 2.904 0.819 0.987 2.518 6.823 4.198 1.63 2.194 0.595 2.181 1.25 0.54 0.655 0.49 0.966 2.298 3.234 2.026 3.338 5.931 6.551 6.402 6.113 3.5 18.417 1.356 4.032 2.443 4.131 2.906 5.883 
6.652 1.932 1.932 1.318 1.566 1.967 1.869 1.83 1.565 2.338 0.902 1.134 2.031 3.535 1.25 1.282 4.02 5.512 0.954 1.443 4.254 4.67 2.351 0.965 0.379 0.952 7.906 1.116 5.349 1.267 1.457 1.716 0.906 6.681 8.14 1.308 0.995 1.849 0.705 0.216 1.585 1.277 0.374 6.18 4.199 6.635 6.43 5.127 1.178 5.74 0.217 0.289 6.43 0.773 2.985 1.435 6.657 0.777 3.495 1.479 1.476 2.158 3.289 1.173 0 1.41 1.673 3.299 2.552 3.191 3.191 0.521 0.691 1.757 7.11 3.437 0.851 1.436 0.994 1.885 0.489 0.475 0.59 0.843 1.235 1.537 2.473 1.537 3.042 5.635 6.255 5.644 6.4 3.787 18.121 2.035 3.271 1.721 3.37 3.193 6.17 
6.456 1.876 1.876 2.764 2.396 1.911 1.813 1.774 2.395 1.015 2.652 2.436 1.975 2.658 2.238 2.728 3.143 5.316 2.4 2.889 4.058 3.641 1.028 2.833 1.192 1.629 7.029 2.104 4.32 1.359 0.977 0.339 1.946 5.55 7.944 2.179 2.055 0.472 1.745 1.688 3.169 0.786 1.163 5.15 4.003 6.439 5.553 4.098 0.835 4.863 1.689 1.761 5.4 2.245 1.662 0.024 5.78 2.344 3.299 0.999 1.396 3.742 1.788 2.619 1.471 0 0.563 1.976 2.496 2.314 2.314 1.571 2.113 0.38 6.233 2.114 0.829 1.356 2.429 1.689 1.237 1.947 1.676 2.315 2.681 0.371 1.15 0.59 2.846 5.439 5.225 4.615 5.523 2.91 17.925 3.619 1.948 0.217 2.047 2.316 5.293 
5.892 1.312 1.312 2.2 1.832 1.347 1.249 1.21 1.831 2.042 2.088 1.872 1.411 3.524 1.674 2.164 4.009 4.752 1.836 2.325 3.494 3.946 2.055 2.269 0.628 1.065 7.895 1.54 4.625 0.795 1.488 1.315 1.382 5.921 7.38 1.615 1.491 1.492 1.181 1.124 2.605 0.839 0.599 5.42 3.439 5.875 6.419 4.403 0.271 5.729 1.125 1.197 5.67 1.681 2.689 1 6.646 1.78 2.735 1.51 0.832 3.178 2.759 2.055 0.907 0.975 0 3.003 1.932 3.18 3.18 1.007 1.549 1.356 7.099 3.141 0.882 0.792 1.865 1.125 0.673 1.383 1.112 1.751 2.117 1.241 2.177 1.1 2.282 4.875 5.495 4.92 6.389 3.776 17.361 3.055 2.975 1.286 3.074 3.182 6.159 
10.067 3.488 3.488 4.376 4.008 3.523 3.425 3.386 4.007 1.267 4.264 4.048 3.587 4.196 3.85 4.34 4.681 6.928 4.012 4.501 5.67 4.893 1.28 4.445 2.804 3.241 8.567 3.716 6.657 2.971 2.8 2.072 3.558 7.069 11.555 3.791 3.667 2.205 3.357 3.3 4.781 2.459 2.775 7.021 5.615 10.05 7.091 5.35 2.447 6.401 3.301 3.373 7.186 3.857 0.66 2.155 7.318 3.956 4.911 2.822 2.779 5.354 1.286 4.231 3.083 2.13 2.175 0 4.108 3.852 3.852 3.183 3.725 2.113 7.771 0.376 2.502 2.749 4.041 3.301 2.849 3.559 3.288 3.927 4.293 1.761 1.149 2.731 4.458 7.051 6.88 6.546 7.061 4.448 19.537 5.231 0.946 2.358 0.238 3.854 6.831 
4.115 0.941 0.941 2.012 0.866 0.915 0.817 0.767 0.865 2.781 2.239 2.66 1.265 4.838 1.083 1.976 5.323 3.229 1.987 1.61 1.288 4.752 2.794 2.42 2.276 2.87 9.209 1.394 4.838 1.362 3.135 2.159 2.857 4.684 5.603 1.472 1.345 2.292 2.656 2.156 1.869 2.487 2.052 4.183 1.233 4.098 7.733 5.209 1.75 7.043 2.157 2.229 4.433 2.691 3.428 2.242 7.96 1.931 1.498 3.157 1.571 2.848 3.968 2.206 1.949 2.217 2.116 3.742 0 4.494 4.494 2.461 1.7 2.2 8.413 3.88 2.529 1.531 2.016 0.776 1.703 2.426 2.541 2.695 1.929 1.98 2.916 2.748 0.355 3.352 4.258 4.716 7.703 5.09 15.838 2.725 3.714 2.445 3.813 4.496 7.473 
9.695 5.115 5.115 4.907 5.051 5.15 5.052 5.013 5.05 4.539 4.219 4.215 4.917 0.339 4.735 4.871 1.027 8.555 4.918 5.032 7.297 7.165 4.552 3.957 3.591 3.408 4.913 4.601 7.844 4.72 2.863 3.863 3.725 9.074 11.183 4.679 4.48 3.578 3.524 4.164 4.764 3.362 3.857 8.674 7.242 9.678 3.437 7.622 4.196 2.747 4.165 4.237 8.924 3.676 2.799 3.533 3.664 4.474 6.538 2.885 4.757 5.337 2.202 4.442 3.947 3.981 4.087 5.5 5.621 0 0 4.007 4.627 3.904 4.117 5.638 3.147 4.717 4.311 4.928 3.972 3.792 3.91 4.022 4.824 3.895 4.674 2.943 6.085 8.678 8.749 8.139 3.407 0.794 21.164 5.214 2.513 3.36 5.571 0.2 3.177 
9.695 5.115 5.115 4.907 5.051 5.15 5.052 5.013 5.05 4.539 4.219 4.215 4.917 0.339 4.735 4.871 1.027 8.555 4.918 5.032 7.297 7.165 4.552 3.957 3.591 3.408 4.913 4.601 7.844 4.72 2.863 3.863 3.725 9.074 11.183 4.679 4.48 3.578 3.524 4.164 4.764 3.362 3.857 8.674 7.242 9.678 3.437 7.622 4.196 2.747 4.165 4.237 8.924 3.676 2.799 3.533 3.664 4.474 6.538 2.885 4.757 5.337 2.202 4.442 3.947 3.981 4.087 5.5 5.621 0 0 4.007 4.627 3.904 4.117 5.638 3.147 4.717 4.311 4.928 3.972 3.792 3.91 4.022 4.824 3.895 4.674 2.943 6.085 8.678 8.749 8.139 3.407 0.794 21.164 5.214 2.513 3.36 5.571 0.2 3.177 
6.18 1.6 1.6 1.763 1.536 1.635 1.537 1.498 1.535 2.306 1.335 1.567 1.402 3.205 1.22 1.727 3.69 5.04 1.399 1.888 3.782 4.638 2.319 1.398 0.347 0.738 7.576 1.086 5.317 1.235 1.425 1.684 0.878 6.209 7.668 1.164 0.965 1.817 0.677 0.184 2.168 1.245 0.342 5.708 3.727 6.163 6.1 5.095 1.146 5.41 0.185 0.722 5.958 1.206 2.953 1.403 6.327 1.343 3.023 1.447 1.444 2.741 3.257 1.618 0.432 1.378 1.641 3.267 2.106 2.861 2.861 0 1.112 1.725 6.78 3.405 0.819 1.404 1.428 1.413 0.457 0.908 0.562 1.276 1.68 1.505 2.441 1.505 2.57 5.163 5.783 5.612 6.07 3.457 17.649 2.618 3.239 1.689 3.338 2.863 5.84 
5.501 0.921 0.921 1.101 0.874 0.956 0.858 0.819 0.873 2.577 0.989 1.41 0.74 3.478 0.558 1.065 3.963 4.361 0.737 1.226 3.103 4.501 2.59 1.17 0.877 1.62 7.849 0.424 5.18 1.123 1.696 1.955 1.405 5.53 6.989 0.502 0.303 2.088 1.204 0.715 1.506 1.516 0.613 5.029 3.048 5.484 6.373 4.958 1.417 5.683 0.716 0.788 5.279 1.441 3.224 1.672 6.6 0.681 2.344 1.718 1.332 2.079 3.528 0.956 0.498 1.647 1.747 3.538 1.444 3.134 3.134 1.02 0 1.996 7.053 3.676 1.09 1.292 0.766 0.734 0.728 0.974 1.089 1.445 1.018 1.776 2.712 1.776 1.891 4.484 5.104 5.475 6.343 3.73 16.97 1.956 3.51 1.958 3.609 3.136 6.113 
6.625 2.045 2.045 2.933 2.565 2.08 1.982 1.943 2.564 1.184 2.821 2.951 2.144 2.769 2.407 2.897 3.254 5.485 2.569 3.058 4.227 3.81 1.197 3.002 1.361 2.144 7.14 2.273 4.489 1.528 1.373 0.508 2.461 5.719 8.113 2.348 2.224 0.223 2.26 1.857 3.338 0.955 1.332 5.319 4.172 6.608 5.664 4.267 1.004 4.974 1.858 1.93 5.569 2.412 1.831 0.651 5.891 2.513 3.468 1.395 1.565 3.911 1.899 2.788 1.64 0.626 0.732 2.145 2.665 2.425 2.425 1.74 2.282 0 6.344 2.283 0.998 1.525 2.598 1.858 1.406 2.116 1.845 2.758 2.85 0.54 1.319 0.749 3.015 5.608 5.394 4.784 5.634 3.021 18.094 3.788 2.21 0.376 2.216 2.427 5.404 
12.064 7.484 7.484 7.276 7.42 7.519 7.421 7.382 7.419 6.908 6.588 6.584 7.286 3.633 7.104 7.24 4.118 10.924 7.287 7.401 9.666 9.534 6.921 6.326 5.96 5.777 1.335 6.97 10.213 7.089 5.232 6.232 6.094 11.443 13.552 7.048 6.849 5.947 5.893 6.533 7.133 5.731 6.226 11.043 9.611 12.047 1.161 9.991 6.565 4.891 6.534 6.606 11.293 6.045 7.555 5.902 1.283 6.843 8.907 5.254 7.126 7.706 7.064 6.811 6.316 6.35 6.456 7.869 7.99 3.762 3.762 6.376 6.996 6.273 0 8.007 5.516 7.086 6.68 7.297 6.341 6.161 6.279 6.391 7.193 6.264 7.043 5.312 8.454 11.047 11.118 10.508 0.649 3.885 23.533 7.583 7.375 5.729 7.94 5.591 0.901 
9.813 3.626 3.626 4.514 4.146 3.661 3.563 3.524 4.145 1.405 4.402 4.186 3.725 4.334 3.988 4.478 4.819 7.066 4.15 4.639 5.808 5.031 1.418 4.583 2.942 3.379 8.705 3.854 6.403 3.109 2.938 2.21 3.696 6.815 11.301 3.929 3.805 2.343 3.495 3.438 4.919 2.597 2.913 6.767 5.753 9.796 7.229 5.488 2.585 6.539 3.439 3.511 6.932 3.995 0.798 2.293 7.456 4.094 5.049 2.96 2.917 5.492 1.424 4.369 3.221 2.268 2.313 0.376 4.246 3.99 3.99 3.321 3.863 2.251 7.909 0 2.64 2.887 4.179 3.439 2.987 3.697 3.426 4.065 4.431 1.899 1.287 2.869 4.596 7.189 6.626 6.292 7.199 4.586 21.504 5.369 1.084 2.496 0.137 3.992 6.969 
6.548 1.968 1.968 2.131 1.904 2.003 1.905 1.866 1.903 2.209 1.703 1.688 1.77 2.389 1.588 2.095 2.874 5.408 1.767 2.256 4.15 4.724 2.222 1.43 0.444 0.881 6.76 1.454 5.403 1.573 0.755 1.153 1.198 6.577 8.036 1.532 1.333 1.33 0.997 1.017 2.237 0.575 0.71 6.076 4.095 6.531 5.284 5.181 1.049 4.594 1.018 1.09 6.326 1.574 2.856 0.838 5.511 1.711 3.391 0.777 1.61 2.81 2.587 1.986 0.8 0.813 0.913 3.17 2.474 2.045 2.045 0.86 1.48 1.194 5.964 3.308 0 1.57 1.796 1.781 0.825 1.276 0.93 1.495 2.048 1.185 2.344 0.835 2.938 5.531 6.151 5.698 5.254 2.641 18.017 2.687 2.898 1.124 3.241 2.047 5.024 
5.494 1.419 1.419 2.307 1.939 1.454 1.356 1.317 1.938 1.45 2.195 2.149 1.518 3.507 1.781 2.271 3.992 4.354 1.943 2.432 3.096 3.358 1.463 2.376 0.977 1.414 7.878 1.647 4.037 0.207 1.837 0.828 1.731 5.267 6.982 1.722 1.598 0.961 1.53 1.231 2.712 1.188 0.747 4.867 3.041 5.477 6.402 3.815 0.419 5.712 1.232 1.304 5.117 1.788 2.097 0.911 6.629 1.887 2.175 1.859 0.244 3.285 2.637 2.162 1.014 0.886 0.785 2.411 1.981 3.163 3.163 1.155 1.656 0.869 7.082 2.549 1.231 0 1.972 0.774 0.78 1.49 1.225 1.858 2.224 0.649 1.585 1.449 1.884 4.477 4.942 4.332 6.372 3.759 16.963 3.162 2.383 1.114 2.482 3.165 6.142 
6.817 2.097 2.097 1.483 1.731 2.132 2.034 1.995 1.73 2.968 0.371 0.674 2.196 3.469 1.415 1.447 3.954 5.677 1.119 1.608 4.419 5.297 2.981 0.434 1.008 0.886 7.84 1.281 5.976 1.894 2.167 2.346 0.84 6.846 8.305 1.473 1.16 2.479 0.639 0.845 1.125 1.907 1.004 6.345 4.364 6.8 6.364 5.754 1.808 5.674 0.846 0.456 6.595 0.707 3.615 2.065 6.591 0.626 3.66 2.189 2.103 1.698 3.999 0.627 0.889 2.04 2.303 3.929 2.717 3.125 3.125 0.688 0.856 2.387 7.044 4.067 1.481 2.063 0 2.05 1.119 0.409 0.524 0.709 1.4 2.167 3.103 2.247 3.207 5.8 6.42 6.271 6.334 3.721 18.286 1.575 3.901 2.351 4 3.127 6.104 
4.767 0.687 0.687 1.575 1.207 0.722 0.624 0.585 1.206 2.005 1.463 1.884 0.786 4.677 1.049 1.539 5.162 3.627 1.211 1.7 2.369 3.964 2.018 1.644 1.5 2.094 9.048 0.915 4.643 0.586 2.359 1.383 2.081 4.796 6.255 0.993 0.866 1.516 1.88 1.38 1.98 1.711 1.276 4.295 2.314 4.75 7.572 4.421 0.974 6.882 1.381 1.453 4.545 1.915 2.652 1.466 7.799 1.155 1.61 2.381 0.795 2.553 3.192 1.43 1.173 1.441 1.34 2.966 1.254 4.333 4.333 1.685 0.924 1.424 8.252 3.104 1.753 0.755 1.24 0 0.927 1.65 1.765 1.919 1.492 1.204 2.14 1.972 1.157 3.75 4.37 4.828 7.542 4.929 16.236 2.43 2.938 1.669 3.037 4.335 7.312 
5.722 1.142 1.142 1.565 1.338 1.177 1.079 1.04 1.337 2.313 1.137 1.369 1.241 3.214 1.022 1.529 3.699 4.582 1.201 1.69 3.324 4.644 2.326 1.2 0.613 1.187 7.585 0.888 5.323 1.241 1.432 1.691 1.141 5.751 7.21 0.966 0.767 1.824 0.94 0.451 1.97 1.252 0.349 5.25 3.269 5.705 6.109 5.101 1.153 5.419 0.452 0.524 5.5 1.008 2.96 1.41 6.336 1.145 2.565 1.454 1.45 2.543 3.264 1.42 0.234 1.385 1.485 3.274 1.762 2.87 2.87 0.758 0.914 1.732 6.789 3.412 0.826 1.41 1.23 0.955 0 0.71 0.825 1.078 1.482 1.512 2.448 1.512 2.112 4.705 5.325 5.618 6.079 3.466 17.191 2.42 3.246 1.696 3.345 2.872 5.849 
6.872 2.152 2.152 1.253 1.786 2.187 2.089 2.05 1.785 3.023 0.427 0.659 2.251 3.06 1.47 1.217 3.545 5.732 1.174 1.378 4.474 5.352 3.036 0.49 1.014 0.477 7.431 1.336 6.031 1.949 1.758 2.13 0.635 6.901 8.36 1.528 1.215 2.473 0.416 0.9 1.11 1.657 1.059 6.4 4.419 6.855 5.955 5.809 1.863 5.265 0.901 0.511 6.65 0.298 3.67 1.815 6.182 0.682 3.715 1.78 2.158 1.683 3.59 0.683 0.944 1.856 1.956 3.984 2.772 2.716 2.716 0.743 0.911 2.171 6.635 4.122 1.442 2.118 0.519 2.105 1.174 0 0.532 0.368 1.17 2.222 3.158 1.838 3.262 5.855 6.475 6.326 5.925 3.312 18.341 1.56 3.901 2.255 4.055 2.718 5.695 
6.899 2.5 2.5 1.498 2.133 2.535 2.437 2.398 2.132 2.438 0.81 0.814 1.999 2.643 1.817 1.462 3.128 5.759 1.522 1.623 4.501 4.953 2.451 0.548 0.482 0.176 7.014 1.683 5.632 1.802 1.341 1.816 0.316 6.928 8.387 1.761 1.562 2.056 0.115 0.781 1.355 1.24 0.939 6.427 4.446 6.882 5.538 5.41 1.278 4.848 0.782 0.857 6.677 0.267 3.085 1.398 5.765 1.345 3.742 1.363 1.839 1.928 3.173 1.033 1.029 1.51 1.773 3.399 2.703 2.299 2.299 0.625 1.259 1.857 6.218 3.537 0.951 1.799 0.902 2.132 1.054 0.383 0 0.613 1.415 1.637 2.573 1.421 3.289 5.882 6.502 5.927 5.508 2.895 18.368 1.805 3.371 1.838 3.47 2.301 5.278 
6.612 1.892 1.892 0.903 1.83 1.927 1.829 1.79 1.829 3.533 0.471 0.309 1.991 3.57 1.514 0.867 4.055 5.472 0.914 1.028 3.655 5.821 3.546 0.537 1.553 0.987 7.941 1.535 6.5 2.526 2.268 2.64 0.994 6.641 8.1 1.268 1.414 2.983 0.926 1.41 0.76 2.167 1.569 6.14 3.6 6.595 6.465 6.278 2.373 5.775 1.411 1.021 6.39 0.808 4.18 2.325 6.692 0.726 3.455 2.29 2.735 1.333 4.1 0.438 1.454 2.366 2.466 4.494 2.512 3.226 3.226 1.253 0.955 2.681 7.145 4.632 1.952 2.695 0.563 1.845 1.684 0.924 1.042 0 0.82 2.732 3.668 2.348 3.002 5.595 6.215 6.673 6.435 3.822 18.081 1.21 4.411 2.765 4.565 3.228 6.205 
5.665 1.085 1.085 0.083 1.01 1.12 1.478 1.439 1.009 3.594 0.815 1.236 0.876 4.029 0.694 0.047 4.514 5.121 1.121 0.208 2.838 5.47 3.607 0.996 1.601 1.446 8.4 1.005 6.149 2.175 2.727 2.972 1.433 6.29 7.153 0.917 1.063 3.105 1.385 1.438 0.467 2.565 1.597 5.789 2.783 5.648 6.924 5.927 2.469 6.234 1.439 1.049 6.039 1.267 4.241 2.726 7.151 0.755 3.104 2.749 2.384 1.446 4.485 0.782 1.482 2.701 2.801 4.555 1.58 3.685 3.685 1.281 0.984 3.013 7.604 4.693 2.074 2.344 0.592 1.494 1.781 1.002 1.117 1.271 0 2.793 3.729 2.826 1.807 5.244 5.864 6.322 6.894 4.281 17.73 1.323 4.527 3.012 4.626 3.687 6.664 
6.306 1.726 1.726 2.614 2.246 1.761 1.663 1.624 2.245 0.8 2.502 2.286 1.825 2.989 2.088 2.578 3.474 5.166 2.25 2.739 3.908 3.426 0.813 2.683 1.042 1.479 7.36 1.954 4.105 1.209 1.593 0.31 1.796 5.335 7.794 2.029 1.905 0.443 1.595 1.538 3.019 0.697 1.013 4.935 3.853 6.289 5.884 3.883 0.685 5.194 1.539 1.611 5.185 2.095 1.447 0.393 6.111 2.194 3.149 1.615 1.246 3.592 1.509 2.469 1.321 0.368 0.413 1.761 2.346 2.645 2.645 1.421 1.963 0.351 6.564 1.899 0.74 1.282 2.279 1.539 1.087 1.797 1.526 2.165 2.531 0 0.935 0.969 2.696 5.289 5.01 4.4 5.854 3.241 17.775 3.469 1.733 0.596 1.832 2.647 5.624 
7.279 2.699 2.699 3.587 3.219 2.734 2.636 2.597 3.218 0.183 3.475 3.259 2.798 3.112 3.061 3.551 3.597 6.139 3.223 3.712 4.881 4.104 0.196 3.656 2.015 2.487 7.483 2.927 4.783 2.182 1.716 1.283 2.804 6.013 8.767 3.002 2.878 1.002 2.603 2.511 3.992 1.67 1.986 5.613 4.826 7.262 6.007 4.561 1.658 5.317 2.512 2.584 5.863 3.068 0.555 1.366 6.234 3.167 4.122 1.738 1.99 4.565 0.939 3.442 2.294 1.341 1.386 1.149 3.319 2.768 2.768 2.394 2.936 1.324 6.687 1.287 1.713 1.96 3.252 2.512 2.06 2.77 2.499 3.101 3.504 0.972 0 1.266 3.669 6.262 5.688 5.078 5.977 3.364 18.748 4.442 0.644 1.155 1.22 2.77 5.747 
6.887 2.307 2.307 3.195 2.827 2.342 2.244 2.205 2.826 1.596 2.64 2.804 2.406 2.622 2.669 3.159 3.107 5.747 2.831 3.32 4.489 4.222 1.609 2.546 1.381 1.997 6.993 2.535 4.901 1.79 1.076 0.92 2.314 6.131 8.375 2.61 2.486 0.635 2.113 1.954 3.353 0.894 1.39 5.731 4.434 6.87 5.517 4.679 1.266 4.827 1.955 2.027 5.981 2.265 2.243 0.59 5.744 2.775 3.73 1.098 1.827 3.926 1.752 3.05 1.737 1.038 1.144 2.557 2.927 2.278 2.278 1.797 2.544 0.961 6.197 2.695 0.937 1.787 2.86 2.12 1.505 2.213 1.865 2.611 3.112 0.952 1.731 0 3.277 5.87 5.806 5.196 5.487 2.874 18.356 3.803 2.063 0.417 2.628 2.28 5.257 
3.759 1.311 1.311 2.382 1.236 1.346 1.246 1.137 1.235 3.21 2.57 3.068 1.635 5.861 1.453 2.346 6.346 2.873 2.881 1.98 0.932 4.332 3.223 2.828 2.705 3.278 10.232 1.764 4.751 1.791 3.564 2.588 3.286 4.597 5.247 1.842 1.715 2.721 3.217 2.585 2.239 2.916 2.481 4.096 0.877 3.742 8.756 4.762 2.179 8.066 2.586 2.658 4.346 3.099 3.857 2.671 8.983 2.36 1.411 3.586 2 3.218 4.397 2.537 2.378 2.646 2.545 4.171 0.428 5.517 5.517 2.89 2.129 2.629 9.436 4.309 2.958 1.96 2.445 1.205 2.132 2.855 2.97 3.103 2.299 2.409 3.345 3.177 0 2.996 4.171 4.629 8.726 6.113 15.482 3.095 4.143 2.874 4.242 5.519 8.496 
1.489 5.53 5.53 6.601 5.455 5.565 5.254 5.356 5.454 7.318 6.776 7.197 5.854 9.99 5.672 6.565 10.475 4.411 6.524 6.199 3.938 7.624 7.331 6.957 6.813 7.407 13.651 5.983 6.941 5.661 7.672 6.696 7.394 7.353 2.977 6.061 5.934 6.829 7.193 6.693 6.458 7.024 6.589 5.972 3.883 1.472 12.885 7.524 6.287 12.195 6.694 6.766 6.222 7.228 7.965 6.779 13.112 6.468 4.01 7.694 6.108 7.437 8.505 6.743 6.486 6.754 6.653 8.279 4.647 9.646 9.646 6.998 6.237 6.737 13.565 10.034 7.066 5.869 6.553 5.313 6.24 6.963 7.078 7.232 6.518 6.517 7.453 7.285 4.631 0 7.164 6.83 12.855 10.242 12.485 7.314 8.251 6.982 8.35 9.648 12.625 
7.096 4.945 4.945 5.833 4.936 4.98 4.882 4.843 4.935 5.486 5.721 6.142 5.044 8.935 5.307 5.797 9.42 4.695 5.469 5.958 3.437 1.714 5.499 5.902 5.758 6.352 13.306 5.173 1.005 4.606 6.617 5.641 6.339 0.535 8.584 5.251 5.124 5.774 6.138 5.638 6.238 5.969 5.534 0.22 3.382 7.079 11.83 1.588 5.232 11.14 5.639 5.711 0.305 6.173 6.133 5.724 12.057 5.413 2.64 6.639 5.053 6.811 6.195 5.688 5.431 5.699 5.598 6.447 4.128 8.591 8.591 5.943 5.182 5.682 12.51 6.062 6.011 4.814 5.498 4.258 5.185 5.908 6.023 6.177 5.75 4.98 5.621 6.23 4.031 4.818 0 0.832 11.8 9.187 17.304 6.688 6.419 5.927 6.518 8.593 11.57 
6.811 5.403 5.403 6.291 5.394 5.438 5.34 5.301 5.393 4.875 6.179 6.6 5.502 7.359 5.765 6.255 7.844 5.153 5.927 6.416 3.895 1.207 4.888 6.36 5.084 6.81 11.73 5.631 0.192 4.33 5.963 4.68 5.838 1.027 8.299 5.709 5.582 4.813 5.637 5.354 6.696 5.067 4.854 0.927 3.84 6.794 10.254 0.775 4.526 9.564 5.355 5.427 1.092 6.631 5.522 4.763 10.481 5.871 3.098 5.985 4.137 7.269 5.584 6.146 5.137 4.738 4.783 5.836 4.586 7.015 7.015 5.262 5.64 4.721 10.934 5.777 5.11 4.107 5.956 4.716 4.903 5.613 5.332 6.635 6.208 4.369 5.01 5.339 4.489 5.276 0.786 0 10.224 7.611 18.502 7.146 5.808 4.966 5.907 7.017 9.994 
11.864 7.284 7.284 7.076 7.22 7.319 7.221 7.182 7.219 6.708 6.388 6.384 7.086 3.433 6.904 7.04 3.918 10.724 7.087 7.201 9.466 9.334 6.721 6.126 5.76 5.577 1.577 6.77 10.013 6.889 5.032 6.032 5.894 11.243 13.352 6.848 6.649 5.747 5.693 6.333 6.933 5.531 6.026 10.843 9.411 11.847 0.815 9.791 6.365 4.691 6.334 6.406 11.093 5.845 7.355 5.702 1.525 6.643 8.707 5.054 6.926 7.506 6.864 6.611 6.116 6.15 6.256 7.669 7.79 3.562 3.562 6.176 6.796 6.073 0.713 7.807 5.316 6.886 6.48 7.097 6.141 5.961 6.079 6.191 6.993 6.064 6.843 5.112 8.254 10.847 10.918 10.308 0 3.685 23.333 7.383 7.175 5.529 7.74 5.391 0.701 
9.102 4.522 4.522 4.314 4.458 4.557 4.459 4.42 4.457 3.946 3.626 3.622 4.324 0.671 4.142 4.278 0.232 7.962 4.325 4.439 6.704 6.572 3.959 3.364 2.998 2.815 4.165 4.008 7.251 4.127 2.27 3.27 3.132 8.481 10.59 4.086 3.887 2.985 2.931 3.571 4.171 2.769 3.264 8.081 6.649 9.085 2.689 7.029 3.603 1.999 3.572 3.644 8.331 3.083 4.593 2.94 2.916 3.881 5.945 2.292 4.164 4.744 4.102 3.849 3.354 3.388 3.494 4.907 5.028 0.8 0.8 3.414 4.034 3.311 3.369 5.045 2.554 4.124 3.718 4.335 3.379 3.199 3.317 3.429 4.231 3.302 4.081 2.35 5.492 8.085 8.156 7.546 2.659 0 20.571 4.621 4.413 2.767 4.978 2.629 2.429 
6.025 6.258 6.258 7.329 6.183 6.293 5.982 6.084 6.182 8.046 7.504 7.925 6.582 10.718 6.4 7.293 11.203 5.139 7.252 6.927 4.666 6.936 8.059 7.685 7.541 8.135 15.089 6.711 8.47 6.389 8.4 7.424 8.122 7.201 7.513 6.789 6.662 7.557 7.921 7.421 7.186 7.752 7.317 6.7 4.611 6.008 13.613 7.366 7.015 12.923 7.422 7.494 6.95 7.956 8.693 7.507 13.84 7.196 4.738 8.422 6.836 8.165 9.233 7.471 7.214 7.482 7.381 9.007 5.375 10.374 10.374 7.726 6.965 7.465 14.293 9.145 7.794 6.597 7.281 6.041 6.968 7.691 7.806 7.96 7.246 7.245 8.181 8.013 5.359 5.262 6.775 7.233 13.583 10.97 0 8.042 8.979 7.71 9.078 10.376 13.353 
6.727 2.635 2.635 1.629 2.556 2.67 2.572 2.533 2.555 4.688 1.538 1.844 2.422 4.637 2.24 1.593 5.122 6.215 1.657 1.754 3.9 6.564 4.701 1.604 2.591 2.054 9.008 2.278 7.243 3.269 3.335 4.066 2.425 7.384 8.215 2.011 2.157 4.05 1.993 2.477 1.486 3.234 2.636 6.883 3.845 6.71 7.532 7.021 3.563 6.842 2.478 2.088 7.133 1.875 5.335 3.392 7.759 1.793 4.198 3.357 3.478 0.123 5.167 1.505 2.521 3.795 3.895 5.649 3.255 4.293 4.293 2.32 2.022 4.107 8.212 5.787 3.019 3.438 1.63 2.588 2.875 1.991 2.109 1.879 1.546 3.887 4.823 3.415 3.745 6.338 6.958 7.416 7.502 4.889 18.824 0 5.621 3.832 5.72 4.295 7.272 
10.775 3.46 3.46 4.348 3.98 3.495 3.397 3.358 3.979 0.679 4.236 3.592 3.559 3.41 3.822 4.312 3.895 6.9 3.984 4.473 5.642 4.865 0.692 3.334 2.776 2.785 7.781 3.688 5.544 2.943 2.014 2.044 3.102 7.777 12.263 3.763 3.639 1.326 2.901 3.272 4.141 2.431 2.747 6.374 5.587 10.758 6.305 5.322 2.419 5.615 3.273 3.345 6.624 3.053 0.285 2.127 6.532 3.928 4.883 2.036 2.751 4.714 0.339 4.203 3.055 2.102 2.147 0.946 4.08 3.066 3.066 3.155 3.697 2.085 6.985 1.084 2.081 2.721 4.013 3.273 2.821 3.531 3.26 3.399 4.265 1.733 0.702 1.564 4.43 7.023 6.449 5.839 6.275 3.662 19.509 4.591 0 1.479 1.017 3.068 6.045 
6.57 1.99 1.99 2.878 2.51 2.025 1.927 1.888 2.509 1.264 2.323 2.308 2.089 2.541 2.352 2.842 3.026 5.43 2.514 3.003 4.172 3.89 1.277 2.05 1.064 1.501 6.912 2.218 4.569 1.473 0.759 0.588 1.818 5.799 8.058 2.293 2.169 0.721 1.617 1.637 3.283 0.577 1.073 5.399 4.117 6.553 5.436 4.347 0.949 4.746 1.638 1.71 5.649 2.194 1.911 0.273 5.663 2.458 3.413 0.781 1.51 3.856 2.031 2.733 1.42 0.712 0.812 2.225 2.61 2.197 2.197 1.48 2.227 0.629 6.116 2.363 0.62 1.47 2.543 1.803 1.188 1.896 1.548 2.115 2.795 0.62 1.399 0.372 2.96 5.553 5.474 4.864 5.406 2.793 18.039 3.733 2.197 0 2.296 2.199 5.176 
9.828 3.494 3.494 4.382 4.014 3.529 3.431 3.392 4.013 1.273 4.27 4.054 3.593 4.202 3.856 4.346 4.687 6.934 4.018 4.507 5.676 4.899 1.286 4.451 2.81 3.247 7.212 3.722 6.418 2.977 2.806 2.078 3.564 6.83 11.316 3.797 3.673 2.211 3.363 3.306 4.787 2.465 2.781 6.782 5.621 9.811 7.097 5.356 2.453 6.407 3.307 3.379 6.947 3.863 0.666 2.161 7.324 3.962 4.917 2.828 2.785 5.36 1.292 4.237 3.089 2.136 2.181 0.238 4.114 3.858 3.858 3.189 3.731 2.119 7.777 0.137 2.508 2.755 4.047 3.307 2.855 3.565 3.294 3.933 4.299 1.767 1.155 2.737 4.464 7.057 6.641 6.307 7.067 4.454 21.519 5.237 0.952 2.364 0 3.86 6.837 
9.494 4.914 4.914 4.706 4.85 4.949 4.851 4.812 4.849 4.338 4.018 4.014 4.716 0.341 4.534 4.67 0.826 8.354 4.717 4.831 7.096 6.964 4.351 3.756 3.39 3.207 4.712 4.4 7.643 4.519 2.662 3.662 3.524 8.873 10.982 4.478 4.279 3.377 3.323 3.963 4.563 3.161 3.656 8.473 7.041 9.477 3.236 7.421 3.995 2.546 3.964 4.036 8.723 3.475 4.985 3.332 3.463 4.273 6.337 2.684 4.556 5.136 2.206 4.241 3.746 3.78 3.886 5.299 5.42 0.47 0.47 3.806 4.426 3.703 3.916 5.437 2.946 4.516 4.11 4.727 3.771 3.591 3.709 3.821 4.623 3.694 4.473 2.742 5.884 8.477 8.548 7.938 3.206 0.593 20.963 5.013 2.517 3.159 5.37 0 2.976 
11.774 7.194 7.194 6.986 7.13 7.229 7.131 7.092 7.129 6.618 6.298 6.294 6.996 3.343 6.814 6.95 3.828 10.634 6.997 7.111 9.376 9.244 6.631 6.036 5.67 5.487 2 6.68 9.923 6.799 4.942 5.942 5.804 11.153 13.262 6.758 6.559 5.657 5.603 6.243 6.843 5.441 5.936 10.753 9.321 11.757 0.259 9.701 6.275 4.601 6.244 6.316 11.003 5.755 7.265 5.612 1.568 6.553 8.617 4.964 6.836 7.416 6.774 6.521 6.026 6.06 6.166 7.579 7.7 3.472 3.472 6.086 6.706 5.983 1.136 7.717 5.226 6.796 6.39 7.007 6.051 5.871 5.989 6.101 6.903 5.974 6.753 5.022 8.164 10.757 10.828 10.218 0.426 3.595 23.243 7.293 7.085 5.439 7.65 5.301 0 
