/* # customers */
50
/* # parking sites */
15
/* # clusters [considering cluster 0 for the depot]*/
15
/* # Trucks */
4
/* Truck capacity [kg] */
5000
/* working shift [min] */
540
/* Service time [min] */
12
/* # Service days */
6
/* # Delivery patterns */
11
/* Description of depot: [id] [coordenate x] [coordenate y] */
0	-33.049	-71.5088
/* Description of customers: [id] [coordenate x] [coordenate y] [required frequency] [demand kg] */
3	-33.0242	-71.5576	4	1978
9	-33.0079	-71.5392	1	344
12	-33.0234	-71.5513	3	309
13	-32.9959	-71.5462	2	308
14	-33.025	-71.5511	2	305
15	-33.0241	-71.5579	4	290
16	-32.9917	-71.5445	2	284
17	-33.0434	-71.5167	2	255
23	-33.008	-71.5395	2	190
27	-33.0151	-71.5511	3	172
28	-33.0149	-71.5555	1	167
29	-32.9661	-71.5297	3	154
35	-33.0193	-71.5428	2	132
36	-33.0087	-71.5477	3	127
37	-33.0118	-71.5413	2	127
38	-33.0169	-71.558	2	124
43	-33.0115	-71.5428	2	107
44	-33.0154	-71.5564	2	107
45	-33.0164	-71.5517	1	96
48	-33.0123	-71.549	2	94
50	-33.0176	-71.5492	1	89
54	-33.0484	-71.5083	3	86
55	-32.9703	-71.5446	2	85
59	-33.0178	-71.5462	1	74
60	-32.99	-71.5438	2	74
64	-33.0174	-71.5543	2	71
67	-33.0165	-71.5567	3	66
70	-33.0038	-71.5354	1	63
72	-33.0119	-71.544	2	63
73	-32.9727	-71.5365	1	62
79	-32.9719	-71.5435	1	58
80	-33.0451	-71.5151	1	57
81	-33.0088	-71.5478	2	54
82	-32.9684	-71.5447	2	52
87	-33.0178	-71.5417	2	47
90	-33.0019	-71.5415	2	46
93	-32.9719	-71.5426	1	44
98	-32.9697	-71.5439	1	42
100	-33.0121	-71.5441	2	42
110	-33.0157	-71.5447	2	32
116	-32.9727	-71.5438	1	28
119	-33.0065	-71.5303	1	26
121	-32.9975	-71.5464	3	25
122	-32.9975	-71.5464	2	24
123	-33.0079	-71.5367	1	24
127	-33.0051	-71.5368	1	23
131	-32.9721	-71.5415	1	22
136	-33.0115	-71.5411	1	22
141	-32.9714	-71.538	1	21
142	-33.0061	-71.5278	1	21
/* Description of parking sites: [id] [coordenate x] [coordenate y] */
147	-33.0122	-71.5494
148	-33.0176	-71.5424
151	-33.0186	-71.5494
152	-33.0176	-71.5568
153	-33.0157	-71.5552
155	-33.0242	-71.5585
157	-33.013	-71.5417
158	-33.0073	-71.5382
162	-33.0442	-71.5146
166	-32.9713	-71.5406
167	-32.991	-71.5468
172	-33.0029	-71.5382
174	-33.006	-71.5293
175	-32.9963	-71.5477
176	-32.9711	-71.5439
/* Matrix of clusters for parking sites [first of each row correspond to the cluster id]*/
0	0	-1
1	162	-1
7	155	-1
10	152	153	-1
11	151	-1
12	148	-1
13	157	-1
14	147	-1
15	158	-1
16	172	-1
17	174	-1
18	175	-1
19	167	-1
20	176	-1
21	166	-1
/* Matrix of clusters for customer locations [first of each row correspond to the cluster id]*/
0	0	-1
1	17	54	80	-1
7	3	12	14	15	-1
10	28	38	44	64	67	-1
11	27	45	50	-1
12	35	59	87	110	-1
13	37	43	72	100	136	-1
14	36	48	81	-1
15	9	23	123	127	-1
16	70	90	-1
17	119	142	-1
18	13	121	122	-1
19	16	60	-1
20	55	79	82	93	98	116	131	-1
21	29	73	141	-1
/* Matrix of service patterns [delivery patterns] x [service days] */
1	0	0	0	0	0	
0	0	1	0	0	0	
0	1	0	1	0	0	
1	0	1	0	0	0	
1	0	1	0	1	0	
0	1	0	1	0	1	
1	0	1	0	1	1	
0	1	0	1	1	1	
1	1	0	1	1	1	
0	1	1	1	1	1	
1	1	1	1	1	1	
/* Transportation matrix [km] ([all nodes] x [all nodes]) */
0 12 13 11 17 10 12 19 6 13 12 13 25 10 14 12 14 12 13 12 13 12 0 21 11 24 12 13 14 12 21 20 1 14 23 11 16 21 21 12 12 21 15 17 17 13 14 22 12 24 16 12 11 11 12 12 12 11 13 6 21 17 15 15 16 20 
11 0 8 2 8 2 1 10 8 8 5 4 16 5 6 7 5 7 4 4 6 4 11 12 5 14 3 4 9 6 12 11 10 6 14 6 10 12 12 6 6 12 10 8 8 8 9 12 7 15 10 5 6 4 3 3 1 6 8 8 12 8 10 10 7 11 
14 7 0 6 6 7 7 7 10 0 4 5 14 4 4 2 6 2 5 5 4 4 14 10 3 12 5 6 2 3 10 9 12 4 12 5 3 9 9 3 2 10 4 5 5 1 2 10 2 12 4 4 4 4 5 5 7 2 0 10 10 6 2 4 5 9 
12 2 8 0 9 1 2 10 9 8 4 5 17 5 6 6 6 7 5 4 5 3 12 13 5 15 4 4 9 6 13 12 10 6 15 5 10 12 12 6 6 13 9 8 8 8 9 13 6 16 10 4 5 4 4 4 2 6 8 9 12 9 9 9 8 12 
20 11 10 12 0 12 11 4 16 10 8 7 10 11 6 9 7 8 7 9 8 8 20 6 9 9 9 8 10 8 7 6 19 6 8 11 9 6 6 9 9 6 12 1 1 10 10 7 9 9 12 7 11 9 8 9 11 9 10 17 6 3 9 12 2 6 
12 2 8 1 9 0 2 11 9 8 4 5 17 5 6 7 6 7 6 4 6 4 12 13 5 16 4 5 9 6 13 12 10 6 15 6 10 12 13 6 6 13 10 8 8 8 9 14 7 16 10 5 6 4 4 4 2 6 8 9 13 9 10 10 8 12 
11 0 8 2 8 2 0 10 8 8 5 4 16 5 6 7 5 7 4 4 6 4 11 12 5 15 3 4 9 6 12 11 10 6 14 6 10 12 12 6 6 12 10 8 8 8 9 12 7 15 10 6 6 4 3 4 1 6 8 8 12 8 10 10 7 11 
20 11 10 12 5 11 11 0 16 11 7 7 10 10 6 8 7 8 7 9 7 8 20 5 9 8 9 8 12 8 6 5 18 6 7 11 10 5 5 9 9 5 12 6 6 10 11 6 8 8 13 6 11 8 8 9 11 8 10 16 5 1 11 12 6 5 
7 10 11 9 16 8 10 17 0 12 11 11 23 8 12 10 12 10 11 10 11 10 7 19 10 22 10 11 13 10 20 19 6 12 21 9 14 19 19 10 10 19 13 15 15 11 12 20 10 22 14 11 9 9 10 11 10 10 12 4 19 16 13 13 14 19 
14 8 1 6 6 7 7 7 11 0 4 5 14 5 4 3 6 2 5 5 4 4 14 10 3 12 5 6 3 3 10 9 13 4 12 5 3 9 9 3 3 10 4 5 5 2 2 10 3 12 5 4 5 4 6 6 7 2 1 11 10 6 3 4 5 9 
13 5 4 5 6 4 5 7 9 5 0 2 13 3 3 3 2 4 2 2 2 1 13 9 2 12 2 3 6 3 9 8 11 3 11 4 7 9 9 3 3 9 6 5 5 4 6 10 3 12 7 1 4 1 2 1 4 3 5 9 9 5 6 6 4 8 
14 4 6 6 5 6 4 6 11 7 2 0 12 5 3 5 0 4 0 2 3 3 14 8 4 11 3 1 8 4 8 8 13 3 10 5 7 8 8 4 4 8 8 4 4 6 7 9 5 11 9 2 5 3 1 2 4 5 7 11 8 4 8 8 3 8 
26 17 17 18 11 18 17 13 23 17 14 13 0 17 12 15 14 14 14 15 14 15 26 6 15 15 15 14 18 14 4 5 25 13 7 17 17 6 6 15 15 5 18 12 12 17 18 5 15 5 18 13 17 15 15 15 17 15 17 23 5 12 18 18 12 6 
11 5 4 4 8 5 5 9 7 4 3 5 15 0 5 3 5 3 5 3 4 3 11 11 2 14 3 4 5 3 12 10 10 5 13 1 6 11 11 3 2 11 6 7 7 4 5 12 3 14 6 4 0 2 4 4 5 2 4 8 11 8 6 6 6 11 
14 7 4 7 6 6 7 7 11 5 2 4 14 5 0 3 5 2 4 4 2 3 14 9 3 12 4 5 6 2 10 9 13 0 11 5 5 9 9 3 3 9 6 5 5 4 6 10 3 12 7 2 5 3 4 4 7 3 5 11 9 6 6 6 4 9 
13 7 3 6 6 6 6 7 10 4 3 5 13 4 4 0 5 1 5 4 3 3 13 9 2 12 4 6 5 2 10 8 12 4 11 4 4 9 9 2 2 9 5 5 5 3 4 10 0 12 6 3 4 3 5 5 6 2 4 10 9 6 5 5 4 8 
14 4 7 6 7 5 4 8 10 8 3 2 14 6 5 6 0 6 2 3 5 4 14 10 5 13 2 2 9 6 10 10 13 5 12 6 9 10 10 6 6 10 9 6 6 8 8 11 6 13 10 4 6 4 2 2 3 6 8 10 10 6 10 9 5 10 
12 6 3 5 6 6 6 7 9 3 2 4 14 3 4 1 5 0 4 4 2 2 12 9 2 12 4 5 4 1 10 9 11 4 11 3 5 9 9 1 1 9 4 5 5 3 4 10 1 12 5 2 3 2 4 4 6 1 3 9 9 6 4 4 5 9 
15 5 7 7 6 6 4 8 12 7 2 1 14 5 4 5 2 6 0 3 5 3 15 10 4 12 3 2 8 5 10 9 14 4 12 6 9 10 10 5 5 10 8 6 6 7 8 10 6 13 9 4 6 4 2 2 4 5 7 12 10 6 8 8 5 9 
13 5 5 5 6 5 5 7 10 6 1 2 14 4 3 4 2 4 2 0 3 2 13 10 2 12 1 2 6 4 10 9 12 4 12 4 8 9 9 4 4 10 7 5 5 5 6 10 4 12 7 2 4 2 2 1 4 3 5 10 10 6 7 7 5 9 
14 5 5 6 5 5 5 6 10 5 1 3 13 4 2 3 3 3 3 2 0 2 14 9 3 12 3 4 6 2 9 8 12 2 11 4 6 8 8 3 3 9 7 4 4 5 6 9 3 12 7 0 4 2 3 2 5 3 5 10 9 5 7 7 4 8 
12 4 4 4 7 4 4 8 8 5 2 3 15 2 4 3 4 4 3 2 2 0 12 11 2 13 2 3 6 3 11 10 10 4 12 3 7 10 10 3 3 11 6 6 6 4 6 11 3 14 7 2 3 0 2 2 4 3 5 8 10 7 6 6 6 10 
0 12 13 11 17 10 12 19 6 13 12 13 25 10 14 12 14 12 13 12 13 12 0 21 11 24 12 13 14 12 21 20 1 14 23 11 16 20 21 12 12 21 15 16 16 13 14 22 12 24 16 12 11 11 12 12 12 11 13 6 21 17 15 15 16 20 
21 12 12 14 6 13 12 8 18 12 9 8 7 12 8 10 9 9 9 10 9 10 21 0 10 10 10 10 13 9 3 2 20 8 4 12 12 2 2 10 10 2 14 7 7 12 13 3 10 5 14 8 12 10 10 10 12 10 12 18 2 6 12 14 8 1 
11 4 4 3 8 4 4 9 8 5 2 4 16 2 4 3 4 4 4 2 3 2 11 11 0 14 2 3 6 3 12 11 10 4 13 2 7 11 11 3 3 11 6 7 7 4 6 12 3 14 7 3 2 1 2 3 4 3 5 8 11 8 6 6 6 11 
21 12 11 13 4 12 12 1 17 11 8 8 10 11 7 9 8 8 8 10 8 9 21 6 10 0 10 9 12 8 6 5 19 7 8 12 10 6 6 9 10 6 13 5 5 11 12 7 9 9 13 7 12 9 9 9 12 9 11 17 6 2 11 13 6 6 
13 4 6 5 6 5 4 7 10 6 1 1 14 4 4 5 2 5 2 1 4 2 13 9 3 12 0 2 7 4 10 9 12 4 11 5 8 9 9 4 4 9 8 5 5 6 7 10 5 12 8 3 5 2 2 1 4 4 6 10 9 6 8 8 5 9 
14 4 6 5 6 5 4 7 10 6 2 1 13 5 4 5 2 5 1 2 4 2 13 9 3 12 2 0 8 5 10 9 12 4 11 5 8 9 9 5 5 9 8 5 5 6 7 10 5 12 8 3 5 3 0 0 4 4 6 10 9 6 8 8 4 9 
15 8 2 7 8 8 8 9 11 2 5 7 16 5 6 4 7 4 7 6 5 5 15 11 4 14 6 7 0 4 12 11 14 6 13 6 2 11 11 4 4 11 2 7 7 2 1 12 4 14 2 5 6 5 6 6 8 3 2 12 11 8 1 2 7 11 
13 6 3 5 6 6 6 7 9 3 3 4 14 3 3 1 5 1 5 4 2 3 13 9 2 12 4 5 4 0 10 9 11 3 11 4 5 9 9 1 1 9 4 5 5 3 4 10 1 12 5 2 4 2 4 4 6 1 3 9 9 6 5 4 5 9 
22 14 13 15 8 14 14 9 19 13 10 10 4 13 9 11 10 10 10 12 10 11 22 3 12 12 12 11 14 10 0 2 21 9 4 14 13 2 2 11 12 3 15 8 8 13 14 3 11 4 15 9 14 11 11 11 14 11 13 19 2 8 14 15 9 2 
22 13 12 14 7 14 13 9 19 13 10 9 5 13 8 11 10 10 9 11 10 10 22 2 11 11 11 10 14 10 4 0 21 8 2 13 13 0 2 11 11 1 14 8 8 12 14 1 11 4 15 9 13 11 11 11 13 11 13 19 0 7 13 14 8 1 
1 10 12 9 16 9 10 17 4 12 11 11 24 9 12 10 12 11 12 10 11 10 1 20 10 22 10 11 13 11 20 19 0 12 21 9 14 19 19 11 10 20 13 15 15 12 13 20 10 22 14 11 9 9 11 11 10 10 12 4 19 16 14 13 15 19 
14 7 4 6 6 6 7 7 11 5 2 4 13 5 2 3 5 2 4 4 2 3 14 9 3 12 4 5 6 2 10 9 13 0 11 5 5 9 9 3 3 9 6 5 5 4 6 10 3 12 7 2 5 3 4 4 7 3 5 11 9 6 6 6 4 9 
23 14 13 15 8 14 14 9 19 13 10 10 7 13 9 11 10 10 10 12 10 11 23 1 12 12 12 11 14 10 4 4 21 9 0 13 13 3 1 11 11 3 15 8 8 13 14 3 11 5 15 9 13 11 11 11 13 11 13 19 3 8 14 15 9 2 
12 6 4 5 7 6 6 9 9 4 3 5 15 1 5 2 5 2 5 4 4 3 12 11 2 14 4 5 5 3 11 10 11 5 13 0 6 10 11 2 2 11 5 6 6 4 4 12 2 14 6 4 0 2 4 4 6 2 4 9 11 7 5 5 6 10 
16 10 3 8 7 9 10 8 13 3 6 6 15 7 5 5 6 4 6 7 5 6 16 10 5 13 7 7 1 5 11 10 15 5 12 7 0 10 10 5 5 10 3 6 6 3 2 11 5 13 4 5 7 6 7 7 9 4 3 13 10 7 1 3 6 10 
22 13 12 14 7 13 13 8 18 13 10 9 5 12 8 10 9 10 9 11 9 10 22 2 11 11 11 10 14 10 4 1 20 8 3 13 12 0 1 11 11 0 14 8 8 12 13 1 11 3 15 8 13 10 10 11 13 10 13 18 1 7 13 14 8 1 
22 12 12 14 6 13 12 8 18 12 9 8 7 12 8 10 9 9 9 10 9 10 22 0 10 11 10 10 13 9 3 2 20 8 4 12 12 2 0 10 10 2 14 7 7 12 13 3 10 5 14 8 12 10 10 10 12 10 12 18 2 7 13 14 8 1 
13 6 3 5 6 6 6 7 9 3 3 4 14 3 3 1 5 1 5 4 2 3 13 9 2 12 4 5 4 0 10 9 11 3 11 4 5 9 9 0 1 9 5 5 5 3 4 10 1 12 5 2 4 3 4 4 6 1 3 9 9 6 5 5 5 9 
12 5 5 4 7 4 5 8 8 5 2 3 15 2 3 3 4 4 3 3 2 2 11 10 0 13 3 4 6 2 11 10 10 3 12 2 6 10 10 2 0 10 6 6 6 5 6 11 4 13 7 2 2 1 3 3 5 3 5 8 10 7 7 6 6 10 
22 12 12 14 6 13 12 8 18 12 9 8 6 12 8 10 9 9 9 10 9 10 22 1 10 10 10 10 13 9 3 1 20 8 3 12 12 1 1 10 10 0 14 7 7 12 13 2 10 4 14 8 12 10 10 10 12 10 12 18 1 7 13 14 8 1 
14 9 3 8 9 9 9 11 12 3 6 8 17 6 7 5 8 5 8 7 6 6 14 13 5 16 7 8 2 5 13 12 15 7 15 7 4 12 13 5 4 13 0 8 8 2 2 14 5 16 1 6 6 6 7 7 9 4 3 12 13 9 2 1 8 12 
20 10 10 12 2 11 10 3 16 10 7 6 10 10 6 8 7 7 7 8 7 8 20 6 9 8 8 8 10 7 6 5 18 6 7 10 9 5 5 8 8 6 12 0 0 10 10 6 8 8 12 6 10 8 8 8 10 8 10 16 5 2 10 12 1 5 
20 10 10 12 2 11 10 3 16 10 7 6 10 10 6 8 7 7 7 8 7 8 20 6 9 8 8 8 10 7 6 5 18 6 7 10 9 5 5 8 8 6 12 0 0 10 10 6 8 8 12 6 10 8 8 8 10 8 10 16 5 2 10 12 1 5 
14 7 1 6 7 7 7 8 10 1 4 5 15 4 5 2 6 2 6 5 4 4 14 11 3 13 5 6 2 3 11 10 12 5 12 4 4 10 10 2 2 11 2 6 6 0 1 11 2 13 3 4 4 4 5 5 7 1 0 10 10 7 2 2 6 10 
15 8 2 7 8 8 8 9 11 2 5 6 16 5 6 3 7 4 7 6 5 5 15 12 4 14 6 7 1 4 12 11 13 6 13 6 2 11 11 4 3 12 2 7 7 1 0 12 3 14 3 5 5 4 6 6 8 2 1 11 11 8 1 2 7 11 
23 14 13 15 8 14 14 9 19 14 10 10 5 13 9 11 10 11 10 12 10 11 23 2 12 12 12 11 14 11 4 2 22 9 2 14 13 2 2 12 12 1 15 8 8 13 14 0 12 3 16 10 14 11 11 12 14 12 14 19 0 8 14 15 9 2 
13 6 3 6 6 6 6 7 10 4 3 4 13 4 3 2 5 1 5 4 3 3 13 9 2 12 4 6 5 2 9 8 12 3 11 4 4 9 9 2 2 9 5 5 5 3 4 10 0 12 6 3 4 3 5 5 6 2 4 10 9 5 5 5 4 8 
23 14 14 16 8 15 14 10 20 14 11 10 5 14 10 12 11 11 10 12 11 12 23 3 12 12 12 11 15 11 3 2 22 10 4 14 14 3 3 12 12 2 16 9 9 14 15 2 12 0 16 10 14 12 12 12 14 12 14 20 2 8 14 16 10 2 
14 9 3 8 9 9 9 11 12 3 6 8 17 6 7 5 8 5 8 7 6 6 14 13 5 16 7 8 2 5 13 12 14 7 15 7 4 12 13 5 4 13 2 8 8 2 2 14 5 16 0 6 6 6 7 7 9 4 3 12 13 9 2 1 8 12 
13 5 5 6 5 5 5 6 10 6 1 2 13 4 2 3 3 4 3 2 2 2 13 9 2 11 2 3 6 2 9 8 12 2 10 4 6 8 8 2 2 9 7 4 4 5 6 9 3 12 8 0 4 2 3 2 5 3 5 10 8 5 7 7 4 8 
12 5 3 4 7 5 5 8 8 3 3 4 15 0 4 2 5 2 4 3 3 2 12 10 1 13 3 4 4 2 11 10 10 4 12 1 6 10 10 2 1 10 5 6 6 3 4 11 2 13 5 3 0 2 4 4 5 1 3 8 10 7 5 5 6 10 
11 4 5 4 7 4 4 8 8 5 2 3 15 3 3 4 3 4 3 1 3 1 11 10 2 13 1 2 6 4 11 10 10 3 12 4 8 10 10 3 4 10 7 6 6 5 6 11 4 13 7 2 4 0 2 2 4 3 5 8 10 7 7 7 6 10 
13 4 7 5 6 4 4 7 10 7 2 1 13 5 4 6 2 5 2 2 4 2 13 9 4 12 1 1 8 5 9 8 12 4 11 5 8 9 9 5 5 9 8 5 5 7 8 10 6 12 9 3 5 3 0 1 4 5 7 10 9 5 9 8 4 8 
14 5 6 6 5 5 5 6 10 6 1 0 13 4 3 4 1 5 1 2 3 2 14 9 3 11 2 2 7 4 9 8 12 3 10 5 8 8 8 4 4 9 7 4 4 6 7 9 4 11 8 2 5 2 2 0 5 4 6 10 8 5 8 7 4 8 
11 0 8 2 8 2 0 10 8 8 5 4 16 5 7 7 5 7 5 4 6 5 11 12 5 15 3 4 9 6 12 11 10 7 14 6 10 12 12 6 6 12 10 8 8 8 9 13 7 15 10 6 6 4 3 4 0 6 8 8 12 8 10 10 7 11 
12 6 2 4 6 5 5 7 9 2 2 4 14 3 4 1 4 1 4 3 2 2 12 9 1 12 3 4 3 1 10 9 11 4 11 3 4 9 9 1 1 10 4 5 5 2 3 10 1 12 4 2 3 2 4 4 5 0 2 9 9 6 4 4 5 9 
14 7 0 6 7 7 7 8 10 0 4 6 14 4 4 3 6 3 6 5 4 4 14 10 3 13 5 6 2 3 10 10 13 4 12 5 3 10 10 3 3 10 3 6 6 0 1 11 3 13 4 4 5 4 6 6 7 2 0 11 10 6 2 3 5 10 
4 11 12 10 17 10 11 18 6 13 12 12 23 10 14 11 13 12 13 11 12 11 4 20 11 23 11 12 14 12 21 20 5 14 22 10 15 20 20 12 11 20 14 16 16 13 14 21 12 23 14 12 10 10 12 12 11 11 13 0 20 17 14 14 16 20 
23 14 13 15 8 14 14 9 19 13 10 10 5 13 9 11 10 10 10 11 10 11 22 2 12 12 12 11 14 10 3 2 21 9 2 13 13 2 2 11 11 1 15 8 8 13 14 1 11 3 15 9 13 11 11 11 13 11 13 19 0 8 14 15 9 2 
19 10 9 11 4 10 10 1 15 10 6 6 8 9 5 7 6 7 6 8 6 7 19 4 8 7 8 7 10 7 4 4 17 5 6 10 9 4 4 8 8 4 11 4 4 9 10 5 7 7 11 5 10 7 7 8 10 7 9 15 4 0 10 11 5 4 
16 9 2 8 7 9 9 8 12 2 6 6 15 6 5 4 7 4 6 7 6 6 16 11 4 13 7 7 1 5 11 10 14 5 13 6 1 10 10 4 4 11 2 6 6 2 1 11 4 14 3 5 6 5 7 7 9 3 2 12 11 7 0 2 6 10 
13 9 3 8 9 9 9 10 12 3 6 7 16 6 7 4 8 5 8 7 6 6 13 13 5 15 7 8 2 5 13 12 14 7 14 6 3 12 12 5 4 13 1 8 8 2 2 13 4 16 0 6 6 6 7 7 9 4 3 12 12 9 2 0 8 12 
19 10 9 11 1 10 10 2 15 9 6 6 9 9 5 7 6 6 6 8 6 7 19 5 8 7 8 7 10 6 5 4 17 5 7 10 9 4 4 7 8 5 11 2 2 9 10 5 7 8 11 5 10 7 7 7 10 7 9 15 5 1 10 11 0 4 
22 13 12 14 7 13 13 8 18 13 9 9 6 12 8 10 9 10 9 11 9 10 22 1 11 11 11 10 14 10 4 2 20 8 3 13 12 1 0 11 11 1 14 8 8 12 13 2 10 4 15 8 13 10 10 11 13 10 12 18 1 7 13 14 8 0 
/* Distance matrix [km] ([all nodes] x [all nodes]) */
0 6.083 6.8 5.336 9.472 5.154 6.047 9.957 3.676 6.813 6.295 6.889 13.843 5.143 7.154 6.178 6.876 6.311 6.675 6.175 6.506 6.071 0.016 12.367 5.769 11.677 6.248 6.71 7.447 6.261 12.594 12.062 0.739 7.176 13.236 5.59 7.987 12.173 12.278 6.236 6.135 12.374 7.761 9.128 9.128 6.819 7.254 12.422 6.219 13.047 10.89 6.548 5.351 5.722 6.445 6.56 6 5.999 6.935 3.799 12.337 9.724 7.733 7.832 9.13 12.107 
5.58 0 3.51 0.792 3.945 0.61 0.479 4.43 5.037 3.523 1.517 1.362 8.316 2.091 2.643 2.888 1.349 3.021 1.301 1.354 2.481 1.513 5.563 6.84 2.385 6.15 0.965 1.183 4.157 2.642 7.067 6.535 4.84 2.665 7.709 2.3 4.401 6.646 6.751 2.617 2.717 6.847 4.471 3.601 3.601 3.529 3.964 6.895 2.929 7.52 4.609 1.99 2.26 1.697 0.918 1.033 0.432 2.709 3.645 5.16 6.81 4.197 4.443 4.542 3.603 6.58 
7.038 3.346 0 2.557 2.929 2.82 3.31 3.414 5.898 0.013 1.774 2.304 7.3 1.941 1.533 1.042 2.621 0.819 2.42 2.27 1.429 1.745 7.021 5.824 1.417 5.134 2.343 2.572 0.746 1.125 6.051 5.519 6.298 1.555 6.693 1.749 0.917 5.63 5.735 1.1 1.145 5.831 1.34 2.585 2.585 0.343 0.495 5.879 1.083 6.504 1.478 1.6 1.719 1.819 2.529 2.258 3.263 0.731 0.191 6.021 5.794 3.181 0.679 1.411 2.587 5.564 
5.63 0.861 2.782 0 4.291 0.336 0.825 4.776 4.744 2.795 1.082 1.708 8.662 1.328 1.901 2.16 1.695 2.293 1.647 0.92 1.721 0.818 5.613 7.186 1.622 6.496 0.993 1.529 3.429 1.877 7.413 6.881 4.89 1.923 8.055 1.537 3.733 6.992 7.097 1.852 1.952 7.193 3.743 3.947 3.947 2.801 3.236 7.241 2.201 7.866 3.881 1.295 1.497 0.933 1.179 1.379 0.778 1.981 2.917 4.867 7.156 4.543 3.715 3.814 3.949 6.926 
8.895 4.107 2.448 4.117 0 3.935 4.071 1.079 7.755 2.461 2.791 2.608 4.965 3.92 2.063 3.063 2.925 2.778 2.724 3.364 2.562 3.057 8.878 3.489 3.396 2.799 3.437 2.876 2.61 2.733 3.716 3.184 8.155 2.085 4.358 3.957 2.013 3.295 3.4 3.181 3.287 3.496 3.271 0.212 0.212 3.758 2.38 3.544 3.104 4.169 3.409 2.347 3.917 3.172 2.992 3.11 4.024 3.095 2.413 7.878 3.459 0.846 2.324 3.342 0.252 3.229 
5.738 0.969 2.962 0.181 4.399 0 0.933 4.884 4.852 2.975 1.262 1.816 8.77 1.508 2.081 2.34 1.803 2.473 1.755 1.1 1.901 0.998 5.721 7.294 1.802 6.604 1.173 1.637 3.609 2.057 7.521 6.989 4.998 2.103 8.163 1.717 3.913 7.1 7.205 2.032 2.132 7.301 3.923 4.055 4.055 2.981 3.416 7.349 2.381 7.974 4.061 1.475 1.677 1.113 1.372 1.487 0.886 2.161 3.097 4.975 7.264 4.651 3.895 3.994 4.057 7.034 
5.616 0.035 3.546 0.828 3.981 0.646 0 4.466 5.073 3.559 1.553 1.398 8.352 2.127 2.679 2.924 1.385 3.057 1.337 1.39 2.517 1.549 5.599 6.876 2.421 6.186 1.001 1.219 4.193 2.678 7.103 6.571 4.876 2.701 7.745 2.336 4.437 6.682 6.787 2.653 2.753 6.883 4.507 3.637 3.637 3.565 4 6.931 2.965 7.556 4.645 2.026 2.296 1.733 0.954 1.069 0.468 2.745 3.681 5.196 6.846 4.233 4.479 4.578 3.639 6.616 
9.335 4.547 4.179 4.557 0.904 4.375 4.511 0 8.195 4.192 3.231 3.048 4.398 4.36 2.503 3.503 3.365 3.218 3.164 3.804 3.002 3.497 9.318 2.922 3.836 2.232 3.877 3.316 4.826 3.173 3.149 2.617 8.595 2.525 3.791 4.397 4.335 2.728 2.833 3.621 3.727 2.929 5.14 1.033 1.033 4.198 4.633 2.977 3.544 3.602 5.278 2.787 4.357 3.612 3.432 3.55 4.464 3.535 4.314 8.318 2.892 0.232 4.646 5.211 2.862 2.662 
3.869 5.173 5.89 4.426 8.562 4.244 5.137 9.047 0 5.903 5.385 5.979 12.933 4.233 6.244 5.268 5.966 5.401 5.765 5.265 5.596 5.161 3.852 11.457 4.859 10.767 5.338 5.8 6.537 5.351 11.684 11.152 3.129 6.266 12.326 4.68 7.077 11.263 11.368 5.326 5.225 11.464 6.851 8.218 8.218 5.909 6.344 11.512 5.309 12.137 6.989 5.638 4.441 4.812 5.535 5.65 5.09 5.089 6.025 2.889 11.427 8.814 6.823 6.922 8.22 11.197 
7.209 3.517 0.514 2.728 2.915 2.991 3.481 3.4 6.069 0 1.945 2.29 7.286 2.112 1.519 1.213 2.607 0.805 2.406 2.441 1.537 1.916 7.192 5.81 1.588 5.12 2.514 2.558 1.028 1.233 6.037 5.505 6.469 1.541 6.679 1.92 0.903 5.616 5.721 1.208 1.316 5.817 1.661 2.571 2.571 0.631 0.777 5.865 1.254 6.49 1.799 1.586 1.89 1.99 2.7 2.429 3.434 0.902 0.479 6.192 5.78 3.167 0.817 1.732 2.573 5.55 
6.416 1.877 1.955 1.516 2.895 1.334 1.841 3.38 5.276 1.968 0 0.436 7.266 1.319 1.074 1.333 0.753 1.466 0.552 0.569 0.891 0.456 6.399 5.79 0.795 5.1 0.836 0.704 2.602 1.052 6.017 5.485 5.676 1.096 6.659 1.356 2.811 5.596 5.701 1.027 1.29 5.797 2.916 2.551 2.551 1.974 2.409 5.845 1.374 6.47 3.054 0.468 1.316 0.571 1.022 0.483 1.794 1.154 2.09 5.399 5.76 3.147 2.888 2.987 2.553 5.53 
7.207 1.498 2.328 2.586 2.582 2.109 1.462 3.067 6.067 2.341 0.652 0 6.953 1.972 1.28 1.652 0.316 1.995 0.115 0.951 1.179 1.275 7.19 5.477 1.448 4.787 0.894 0.267 2.975 1.337 5.704 5.172 6.467 1.302 6.346 2.009 3.112 5.283 5.388 1.378 1.478 5.484 3.289 2.238 2.238 2.347 2.782 5.532 1.693 6.157 3.427 0.964 1.969 1.39 0.383 0.501 1.415 1.684 2.463 6.19 5.447 2.834 3.423 3.36 2.24 5.217 
16.724 8.355 7.987 8.365 4.712 8.183 8.319 5.197 12.003 8 7.039 6.856 0 8.168 6.311 7.311 7.173 7.026 6.972 7.612 6.81 7.305 16.707 2.24 7.644 5.97 7.685 7.124 8.634 6.981 1.248 1.935 12.403 6.333 2.627 8.205 8.143 2.046 2.151 7.429 7.535 1.769 8.948 4.841 4.841 8.006 8.441 1.589 7.352 1.272 7.123 6.595 8.165 7.42 7.24 7.358 8.272 7.343 8.122 12.126 1.728 4.964 8.454 9.019 6.67 1.98 
5.168 2.141 1.707 1.352 3.764 1.615 2.105 4.249 4.028 1.72 1.234 1.97 8.135 0 2.094 1.085 1.924 1.218 1.723 1.234 1.445 1.132 5.151 6.659 0.676 5.969 1.307 1.791 2.354 1.168 6.886 6.354 4.428 2.116 7.528 0.247 2.894 6.465 6.57 1.143 1.042 6.666 2.668 3.42 3.42 1.726 2.161 6.714 1.126 7.339 2.806 1.488 0.207 0.783 1.493 1.608 2.058 0.906 1.842 4.151 6.629 4.016 2.64 2.739 3.422 6.399 
6.962 2.683 1.656 2.481 2.473 2.14 2.647 2.958 5.822 1.669 0.996 1.433 6.844 1.865 0 0.98 1.75 0.698 1.549 1.569 0.508 1.002 6.945 5.368 1.341 4.678 1.642 2.126 2.303 0.665 5.595 5.063 6.222 0.018 6.237 1.902 1.965 5.174 5.279 1.104 1.204 5.375 2.617 2.129 2.129 1.675 2.11 5.423 1.021 6.048 2.755 0.552 1.862 1.117 1.828 1.482 2.6 1.012 1.791 5.945 5.338 2.725 2.276 2.688 2.131 5.108 
6.666 2.974 1.225 2.185 2.81 2.448 2.938 3.295 5.526 1.238 1.402 2.185 7.181 1.569 1.414 0 2.502 0.264 2.301 1.898 0.996 1.373 6.649 5.705 1.045 5.015 1.971 2.453 1.872 0.692 5.932 5.4 5.926 1.436 6.574 1.606 1.94 5.511 5.616 0.667 0.773 5.712 2.186 2.466 2.466 1.244 1.679 5.76 0.04 6.385 2.324 1.039 1.566 1.447 2.157 1.886 2.891 0.581 1.36 5.649 5.675 3.062 2.251 2.257 2.468 5.445 
6.89 1.181 3.078 2.269 3.264 1.792 1.145 3.749 5.75 3.091 1.122 0.681 7.635 2.442 1.962 2.456 0 2.677 0.892 1.104 1.861 1.263 6.873 6.159 1.918 5.469 0.715 0.502 3.725 2.019 6.386 5.854 6.15 1.984 7.028 2.479 3.794 5.965 6.07 2.06 2.16 6.166 4.039 2.92 2.92 3.097 3.532 6.214 2.497 6.839 4.177 1.646 2.439 1.378 0.618 0.736 1.098 2.277 3.213 5.873 6.129 3.516 4.105 4.11 2.922 5.899 
6.401 2.709 0.96 1.92 2.963 2.183 2.673 3.448 5.261 0.973 1.137 1.574 7.334 1.304 1.567 0.284 1.891 0 1.69 1.633 0.731 1.108 6.384 5.858 0.78 5.168 1.706 2.19 1.607 0.427 6.085 5.553 5.661 1.589 6.727 1.341 2.093 5.664 5.769 0.402 0.508 5.865 1.921 2.619 2.619 0.979 1.414 5.913 0.325 6.538 2.059 0.774 1.301 1.182 1.892 1.621 2.626 0.316 1.095 5.384 5.828 3.215 1.893 1.992 2.621 5.598 
7.338 1.629 2.699 2.717 2.904 2.24 1.593 3.389 6.198 2.712 0.743 0.397 7.275 2.063 1.602 2.077 0.714 2.21 0 1.042 1.635 1.2 7.321 5.799 1.539 5.109 1.118 0.419 3.346 1.796 6.026 5.494 6.598 1.624 6.668 2.1 3.434 5.605 5.71 1.771 2.034 5.806 3.66 2.56 2.56 2.718 3.153 5.854 2.118 6.479 3.798 1.212 2.06 1.315 0.535 0.653 1.546 1.898 2.834 6.321 5.769 3.156 3.632 3.731 2.562 5.539 
6.579 1.568 2.118 2.281 3.02 1.497 1.532 3.505 5.439 2.131 0.162 0.553 7.391 1.482 1.237 1.496 0.693 1.629 0.492 0 1.054 0.619 6.562 5.915 0.958 5.225 0.539 1.023 2.765 1.215 6.142 5.61 5.839 1.259 6.784 1.519 2.974 5.721 5.826 1.19 1.453 5.922 3.079 2.676 2.676 2.137 2.572 5.97 1.537 6.595 3.217 0.631 1.479 0.734 0.725 0.377 1.485 1.317 2.253 5.562 5.885 3.272 3.051 3.15 2.678 5.655 
6.59 2.173 1.617 1.812 2.43 1.63 2.137 2.915 5.45 1.63 0.486 0.923 6.801 1.615 0.648 0.941 1.24 1.118 1.039 1.059 0 0.752 6.573 5.325 1.091 4.635 1.132 1.616 2.264 0.626 5.552 5.02 5.85 0.67 6.194 1.652 2.48 5.131 5.236 0.855 0.955 5.332 2.578 2.086 2.086 1.636 2.071 5.38 0.982 6.005 2.716 0.042 1.612 0.867 1.318 0.972 2.09 0.973 1.752 5.573 5.295 2.682 2.791 2.649 2.088 5.065 
5.849 1.68 1.965 1.368 3.329 1.137 1.644 3.814 4.709 1.978 0.69 1.302 7.7 0.893 1.547 1.343 1.256 1.476 1.055 0.566 0.901 0 5.832 6.224 0.805 5.534 0.639 1.123 2.612 1.062 6.451 5.919 5.109 1.569 7.093 1.102 2.821 6.03 6.135 1.037 1.137 6.231 2.926 2.985 2.985 1.984 2.419 6.279 1.384 6.904 3.064 0.941 1.062 0.115 0.825 0.94 1.597 1.164 2.1 4.832 6.194 3.581 2.898 2.997 2.987 5.964 
0.016 6.066 6.783 5.319 9.455 5.137 6.03 9.94 3.659 6.796 6.278 6.872 13.826 5.126 7.137 6.161 6.859 6.294 6.658 6.158 6.489 6.054 0 12.35 5.752 11.66 6.231 6.693 7.43 6.244 12.577 12.045 0.722 7.159 13.219 5.573 7.97 12.156 12.261 6.219 6.118 12.357 7.744 9.111 9.111 6.802 7.237 12.405 6.202 13.03 10.873 6.531 5.334 5.705 6.428 6.543 5.983 5.982 6.918 3.782 12.32 9.707 7.716 7.815 9.113 12.09 
11.574 6.786 6.418 6.796 3.143 6.614 6.75 3.628 10.434 6.431 5.47 5.287 2.617 6.599 4.742 5.742 5.604 5.457 5.403 6.043 5.241 5.736 11.557 0 6.075 4.401 6.116 5.555 7.065 5.412 1.368 0.836 10.834 4.764 1.674 6.636 6.574 0.611 0.519 5.86 5.966 0.812 7.379 3.272 3.272 6.437 6.872 0.86 5.783 1.485 7.517 5.026 6.596 5.851 5.671 5.789 6.703 5.774 6.553 10.557 0.775 3.395 6.885 7.45 5.101 0.348 
5.62 1.928 2.083 1.139 3.615 1.402 1.892 4.1 4.48 2.096 0.974 1.588 7.986 0.664 1.833 1.461 1.542 1.594 1.341 0.852 1.185 0.75 5.603 6.51 0 5.82 0.925 1.409 2.73 1.346 6.737 6.205 4.88 1.855 7.379 0.873 3.27 6.316 6.421 1.321 1.418 6.517 3.044 3.271 3.271 2.102 2.537 6.565 1.502 7.19 3.182 1.227 0.833 0.401 1.111 1.226 1.845 1.282 2.218 4.603 6.48 3.867 3.016 3.115 3.273 6.25 
9.506 4.718 4.35 4.728 0.845 4.546 4.682 0.17 8.366 4.363 3.402 3.219 4.569 4.531 2.674 3.674 3.536 3.389 3.335 3.975 3.173 3.668 9.489 3.093 4.007 0 4.048 3.487 3.101 3.344 3.32 2.788 8.766 2.696 3.962 4.568 2.504 2.899 3.004 3.792 3.898 3.1 5.311 1.06 1.06 4.369 2.871 3.148 3.715 3.773 5.449 2.958 4.528 3.783 3.603 3.721 4.635 3.706 4.485 8.489 3.063 0.403 2.815 5.382 1.098 2.833 
6.826 1.492 2.507 2.205 2.944 1.424 1.456 3.429 5.686 2.52 0.551 0.477 7.315 1.438 1.642 1.885 0.617 2.018 0.416 0.387 1.448 0.545 6.809 5.839 1.347 5.149 0 0.947 3.154 1.604 6.066 5.534 6.086 1.664 6.708 1.647 3.474 5.645 5.75 1.579 1.842 5.846 3.468 2.6 2.6 2.526 2.961 5.894 1.926 6.519 3.606 1.022 1.607 0.66 0.649 0.301 1.409 1.706 2.642 5.809 5.809 3.196 3.44 3.539 2.602 5.579 
6.988 1.369 2.672 2.367 2.877 1.586 1.333 3.362 5.848 2.685 0.716 0.41 7.248 1.602 1.575 2.05 0.55 2.29 0.349 0.551 1.474 0.709 6.971 5.772 1.512 5.082 0.627 0 3.319 1.632 5.999 5.467 6.248 1.597 6.641 2.073 3.407 5.578 5.683 1.744 2.007 5.779 3.633 2.533 2.533 2.691 3.126 5.827 2.091 6.452 3.771 1.185 2.033 0.824 0.116 0.234 1.286 1.871 2.807 5.971 5.742 3.129 3.605 3.704 2.535 5.512 
10.489 4.062 0.953 3.273 3.696 3.536 4.026 4.181 6.614 0.966 2.49 2.927 8.067 2.657 2.3 1.758 3.244 1.891 3.043 2.986 2.145 2.461 10.472 6.591 2.133 5.901 3.059 3.543 0 1.841 6.818 6.286 7.014 2.322 7.46 2.465 0.625 6.397 6.502 1.816 1.861 6.598 0.66 3.352 3.352 0.682 0.29 6.646 1.799 7.271 0.798 2.188 2.435 2.535 3.245 2.974 3.979 1.447 0.591 6.737 6.561 3.948 0.285 0.731 3.354 6.331 
6.431 2.739 0.99 1.95 2.741 2.213 2.703 3.226 5.291 1.003 1.167 1.604 7.112 1.334 1.06 0.314 1.921 0.447 1.72 1.663 0.761 1.138 6.414 5.636 0.81 4.946 1.736 2.22 1.637 0 5.863 5.331 5.691 1.082 6.505 1.371 1.871 5.442 5.547 0.432 0.538 5.643 1.951 2.397 2.397 1.009 1.444 5.691 0.355 6.316 2.089 0.804 1.331 1.212 1.922 1.651 2.656 0.346 1.125 5.414 5.606 2.993 1.923 2.022 2.399 5.376 
13.246 7.344 6.976 7.354 3.701 7.172 7.308 4.186 10.992 6.989 6.028 5.845 1.248 7.157 5.3 6.3 6.162 6.015 5.961 6.601 5.799 6.294 13.229 1.229 6.633 4.959 6.674 6.113 7.623 5.97 0 0.924 11.392 5.322 2.098 7.194 7.132 1.035 1.14 6.418 6.524 1.236 7.937 3.83 3.83 6.995 7.43 1.284 6.341 1.22 6.57 5.584 7.154 6.409 6.229 6.347 7.261 6.332 7.111 11.115 1.199 3.953 7.443 8.008 5.659 0.969 
11.684 6.896 6.528 6.906 3.253 6.724 6.86 3.738 10.544 6.541 5.58 5.397 1.847 6.709 4.852 5.852 5.714 5.567 5.513 6.153 5.351 5.846 11.667 0.781 6.185 4.511 6.226 5.665 7.175 5.522 1.795 0 10.944 4.874 1.172 6.746 6.684 0.109 0.692 5.97 6.076 0.31 7.489 3.382 3.382 6.547 6.982 0.358 5.893 0.983 7.627 5.136 6.706 5.961 5.781 5.899 6.813 5.884 6.663 10.667 0.273 3.505 6.995 7.56 5.211 0.521 
0.739 5.343 6.06 4.596 8.732 4.414 5.307 9.217 2.936 6.073 5.555 6.149 13.103 4.403 6.414 5.438 6.136 5.571 5.935 5.435 5.766 5.331 0.722 11.627 5.029 10.937 5.508 5.97 6.707 5.521 11.854 11.322 0 6.436 12.496 4.85 7.247 11.433 11.538 5.496 5.395 11.634 7.021 8.388 8.388 6.079 6.514 11.682 5.479 12.307 10.15 5.808 4.611 4.982 5.705 5.82 5.26 5.259 6.195 3.059 11.597 8.984 6.993 7.092 8.39 11.367 
6.943 2.664 1.637 2.462 2.454 2.121 2.628 2.939 5.803 1.65 0.977 1.414 6.825 1.846 0.672 0.961 1.731 0.679 1.53 1.55 0.489 0.983 6.926 5.349 1.322 4.659 1.623 2.107 2.284 0.646 5.576 5.044 6.203 0 6.218 1.883 1.946 5.155 5.26 1.085 1.185 5.356 2.598 2.11 2.11 1.656 2.091 5.404 1.002 6.029 2.736 0.533 1.843 1.098 1.809 1.463 2.581 0.993 1.772 5.926 5.319 2.706 2.257 2.669 2.112 5.089 
11.978 7.19 6.822 7.2 3.547 7.018 7.154 4.032 10.838 6.835 5.874 5.691 2.438 7.003 5.146 6.146 6.008 5.861 5.807 6.447 5.645 6.14 11.961 0.463 6.479 4.805 6.52 5.959 7.469 5.816 1.772 1.24 11.238 5.168 0 7.04 6.978 0.916 0.374 6.264 6.37 1.117 7.783 3.676 3.676 6.841 7.276 1.171 6.187 1.574 7.921 5.43 7 6.255 6.075 6.193 7.107 6.178 6.957 10.961 1.08 3.799 7.289 7.854 5.505 0.653 
5.709 2.563 1.665 1.774 3.722 2.037 2.527 4.207 4.569 1.678 1.192 1.629 8.093 0.422 2.052 1.043 1.946 1.176 1.745 1.487 1.403 0.962 5.692 6.617 0.634 5.927 1.56 2.044 2.312 1.126 6.844 6.312 4.969 2.074 7.486 0 2.852 6.423 6.528 1.101 1 6.624 2.626 3.378 3.378 1.684 2.119 6.672 1.084 7.297 2.764 1.446 0.215 1.036 1.746 1.44 2.48 0.864 1.8 4.692 6.587 3.974 2.598 2.697 3.38 6.357 
11.762 3.973 0.974 3.38 3.099 3.643 3.937 3.584 6.721 0.987 2.214 2.474 7.47 2.764 1.703 1.865 2.791 1.457 2.59 2.787 1.985 2.48 11.745 5.994 2.24 5.304 2.86 2.742 0.625 1.843 6.221 5.689 7.121 1.725 6.863 2.572 0 5.8 5.905 1.86 1.968 6.001 1.286 2.755 2.755 1.308 0.738 6.049 1.906 6.674 1.424 1.77 2.542 2.642 2.858 2.7 4.086 1.554 1.042 6.844 5.964 3.351 0.339 1.357 2.757 5.734 
11.574 6.786 6.418 6.796 3.143 6.614 6.75 3.628 10.434 6.431 5.47 5.287 1.737 6.599 4.742 5.742 5.604 5.457 5.403 6.043 5.241 5.736 11.557 0.671 6.075 4.401 6.116 5.555 7.065 5.412 1.685 0.366 10.834 4.764 1.286 6.636 6.574 0 0.582 5.86 5.966 0.2 7.379 3.272 3.272 6.437 6.872 0.248 5.783 0.873 7.517 5.026 6.596 5.851 5.671 5.789 6.703 5.774 6.553 10.557 0.387 3.395 6.885 7.45 5.101 0.411 
11.604 6.816 6.448 6.826 3.173 6.644 6.78 3.658 10.464 6.461 5.5 5.317 2.28 6.629 4.772 5.772 5.634 5.487 5.433 6.073 5.271 5.766 11.587 0.089 6.105 4.431 6.146 5.585 7.095 5.442 1.398 0.866 10.864 4.794 1.605 6.666 6.604 0.542 0 5.89 5.996 0.743 7.409 3.302 3.302 6.467 6.902 0.791 5.813 1.416 7.547 5.056 6.626 5.881 5.701 5.819 6.733 5.804 6.583 10.587 0.706 3.425 6.915 7.48 5.131 0.279 
6.456 2.764 1.015 1.975 2.658 2.238 2.728 3.143 5.316 1.028 1.192 1.629 7.029 1.359 0.977 0.339 1.946 0.472 1.745 1.688 0.786 1.163 6.439 5.553 0.835 4.863 1.761 2.245 1.662 0.024 5.78 5.248 5.716 0.999 6.422 1.396 1.788 5.359 5.464 0 0.563 5.56 1.976 2.314 2.314 1.034 1.469 5.608 0.38 6.233 2.114 0.829 1.356 1.237 1.947 1.676 2.681 0.371 1.15 5.439 5.523 2.91 1.948 2.047 2.316 5.293 
5.892 2.2 2.042 1.411 3.524 1.674 2.164 4.009 4.752 2.055 0.628 1.065 7.895 0.795 1.488 1.315 1.382 1.492 1.181 1.124 0.839 0.599 5.875 6.419 0.271 5.729 1.197 1.681 2.689 1 6.646 6.114 5.152 1.51 7.288 0.832 2.759 6.225 6.33 0.975 0 6.426 3.003 3.18 3.18 2.061 2.496 6.474 1.356 7.099 3.141 0.882 0.792 0.673 1.383 1.112 2.117 1.241 2.177 4.875 6.389 3.776 2.975 3.074 3.182 6.159 
11.373 6.585 6.217 6.595 2.942 6.413 6.549 3.427 10.233 6.23 5.269 5.086 2.014 6.398 4.541 5.541 5.403 5.256 5.202 5.842 5.04 5.535 11.356 0.47 5.874 4.2 5.915 5.354 6.864 5.211 1.167 0.165 10.633 4.563 1.339 6.435 6.373 0.276 0.381 5.659 5.765 0 7.178 3.071 3.071 6.236 6.671 0.525 5.582 1.15 7.316 4.825 6.395 5.65 5.47 5.588 6.502 5.573 6.352 10.356 0.44 3.194 6.684 7.249 4.9 0.21 
10.067 4.376 1.267 3.587 4.196 3.85 4.34 4.681 6.928 1.28 2.804 3.241 8.567 2.971 2.8 2.072 3.558 2.205 3.357 3.3 2.459 2.775 10.05 7.091 2.447 6.401 3.373 3.857 0.66 2.155 7.318 6.786 10.475 2.822 7.96 2.779 1.286 6.897 7.002 2.13 2.175 7.098 0 3.852 3.852 0.996 0.875 7.146 2.113 7.771 0.376 2.502 2.749 2.849 3.559 3.288 4.293 1.761 1.149 7.051 7.061 4.448 0.946 0.238 3.854 6.831 
9.695 4.907 4.539 4.917 0.339 4.735 4.871 1.027 8.555 4.552 3.591 3.408 4.913 4.72 2.863 3.863 3.725 3.578 3.524 4.164 3.362 3.857 9.678 3.437 4.196 2.747 4.237 3.676 2.799 3.533 3.664 3.132 8.955 2.885 4.306 4.757 2.202 3.243 3.348 3.981 4.087 3.444 5.5 0 0 4.558 2.569 3.492 3.904 4.117 5.638 3.147 4.717 3.972 3.792 3.91 4.824 3.895 4.674 8.678 3.407 0.794 2.513 5.571 0.2 3.177 
9.695 4.907 4.539 4.917 0.339 4.735 4.871 1.027 8.555 4.552 3.591 3.408 4.913 4.72 2.863 3.863 3.725 3.578 3.524 4.164 3.362 3.857 9.678 3.437 4.196 2.747 4.237 3.676 2.799 3.533 3.664 3.132 8.955 2.885 4.306 4.757 2.202 3.243 3.348 3.981 4.087 3.444 5.5 0 0 4.558 2.569 3.492 3.904 4.117 5.638 3.147 4.717 3.972 3.792 3.91 4.824 3.895 4.674 8.678 3.407 0.794 2.513 5.571 0.2 3.177 
7.126 3.434 0.325 2.645 3.254 2.908 3.398 3.739 5.986 0.338 1.862 2.299 7.625 2.029 1.858 1.13 2.616 1.263 2.415 2.358 1.517 1.833 7.109 6.149 1.505 5.459 2.431 2.915 0.505 1.213 6.376 5.844 6.386 1.88 7.018 1.837 1.091 5.955 6.06 1.188 1.233 6.156 0.996 2.91 2.91 0 0.394 6.204 1.171 6.829 1.134 1.56 1.807 1.907 2.617 2.346 3.351 0.819 0.152 6.109 6.119 3.506 0.791 1.067 2.912 5.889 
7.561 3.869 0.487 3.08 3.424 3.343 3.833 3.909 6.421 0.508 2.297 2.734 7.795 2.464 2.028 1.565 3.051 1.698 2.85 2.793 1.952 2.268 7.544 6.319 1.94 5.629 2.866 3.35 0.251 1.648 6.546 6.014 6.821 2.05 7.188 2.272 0.703 6.125 6.23 1.623 1.668 6.326 0.875 3.08 3.08 0.489 0 6.374 1.606 6.999 1.013 1.995 2.242 2.342 3.052 2.781 3.786 1.254 0.304 6.544 6.289 3.676 0.398 0.946 3.082 6.059 
12.003 7.215 6.847 7.225 3.572 7.043 7.179 4.057 10.863 6.86 5.899 5.716 1.716 7.028 5.171 6.171 6.033 5.886 5.832 6.472 5.67 6.165 11.986 0.954 6.504 4.83 6.545 5.984 7.494 5.841 1.664 0.795 11.263 5.193 1.037 7.065 7.003 0.431 0.865 6.289 6.395 0.629 7.808 3.701 3.701 6.866 7.301 0 6.212 0.852 7.946 5.455 7.025 6.28 6.1 6.218 7.132 6.203 6.982 10.986 0.138 3.824 7.314 7.879 5.53 0.84 
6.625 2.933 1.184 2.144 2.769 2.407 2.897 3.254 5.485 1.197 1.361 2.144 7.14 1.528 1.373 0.508 2.461 0.223 2.26 1.857 0.955 1.332 6.608 5.664 1.004 4.974 1.93 2.412 1.831 0.651 5.891 5.359 5.885 1.395 6.533 1.565 1.899 5.47 5.575 0.626 0.732 5.671 2.145 2.425 2.425 1.203 1.638 5.719 0 6.344 2.283 0.998 1.525 1.406 2.116 1.845 2.85 0.54 1.319 5.608 5.634 3.021 2.21 2.216 2.427 5.404 
12.064 7.276 6.908 7.286 3.633 7.104 7.24 4.118 10.924 6.921 5.96 5.777 1.335 7.089 5.232 6.232 6.094 5.947 5.893 6.533 5.731 6.226 12.047 1.161 6.565 4.891 6.606 6.045 7.555 5.902 1.283 0.856 11.324 5.254 1.548 7.126 7.064 0.967 1.072 6.35 6.456 0.69 7.869 3.762 3.762 6.927 7.362 0.51 6.273 0 8.007 5.516 7.086 6.341 6.161 6.279 7.193 6.264 7.043 11.047 0.649 3.885 7.375 7.94 5.591 0.901 
9.813 4.514 1.405 3.725 4.334 3.988 4.478 4.819 7.066 1.418 2.942 3.379 8.705 3.109 2.938 2.21 3.696 2.343 3.495 3.438 2.597 2.913 9.796 7.229 2.585 6.539 3.511 3.995 0.798 2.293 7.456 6.924 10.221 2.96 8.098 2.917 1.424 7.035 7.14 2.268 2.313 7.236 0.376 3.99 3.99 1.134 1.013 7.284 2.251 7.909 0 2.64 2.887 2.987 3.697 3.426 4.431 1.899 1.287 7.189 7.199 4.586 1.084 0.137 3.992 6.969 
6.548 2.131 2.209 1.77 2.389 1.588 2.095 2.874 5.408 2.222 0.444 0.881 6.76 1.573 0.755 1.153 1.198 1.33 0.997 1.017 0.575 0.71 6.531 5.284 1.049 4.594 1.09 1.574 2.856 0.838 5.511 4.979 5.808 0.777 6.153 1.61 2.587 5.09 5.195 0.813 0.913 5.291 3.17 2.045 2.045 2.228 2.663 5.339 1.194 5.964 3.308 0 1.57 0.825 1.276 0.93 2.048 1.185 2.344 5.531 5.254 2.641 2.898 3.241 2.047 5.024 
5.494 2.307 1.45 1.518 3.507 1.781 2.271 3.992 4.354 1.463 0.977 1.414 7.878 0.207 1.837 0.828 1.731 0.961 1.53 1.231 1.188 0.747 5.477 6.402 0.419 5.712 1.304 1.788 2.097 0.911 6.629 6.097 4.754 1.859 7.271 0.244 2.637 6.208 6.313 0.886 0.785 6.409 2.411 3.163 3.163 1.469 1.904 6.457 0.869 7.082 2.549 1.231 0 0.78 1.49 1.225 2.224 0.649 1.585 4.477 6.372 3.759 2.383 2.482 3.165 6.142 
5.722 1.565 2.313 1.241 3.214 1.022 1.529 3.699 4.582 2.326 0.613 1.187 7.585 1.241 1.432 1.691 1.141 1.824 0.94 0.451 1.252 0.349 5.705 6.109 1.153 5.419 0.524 1.008 2.96 1.41 6.336 5.804 4.982 1.454 6.978 1.45 3.264 5.915 6.02 1.385 1.485 6.116 3.274 2.87 2.87 2.332 2.767 6.164 1.732 6.789 3.412 0.826 1.41 0 0.71 0.825 1.482 1.512 2.448 4.705 6.079 3.466 3.246 3.345 2.872 5.849 
6.872 1.253 3.023 2.251 3.06 1.47 1.217 3.545 5.732 3.036 1.014 0.477 7.431 1.949 1.758 2.13 0.635 2.473 0.416 0.9 1.657 1.059 6.855 5.955 1.863 5.265 0.511 0.298 3.67 1.815 6.182 5.65 6.132 1.78 6.824 2.158 3.59 5.761 5.866 1.856 1.956 5.962 3.984 2.716 2.716 3.042 3.477 6.01 2.171 6.635 4.122 1.442 2.118 1.174 0 0.532 1.17 2.222 3.158 5.855 5.925 3.312 3.901 4.055 2.718 5.695 
6.899 1.498 2.438 1.999 2.643 1.817 1.462 3.128 5.759 2.451 0.482 0.176 7.014 1.802 1.341 1.816 0.316 2.056 0.115 0.781 1.24 0.939 6.882 5.538 1.278 4.848 0.857 0.267 3.085 1.398 5.765 5.233 6.159 1.363 6.407 1.839 3.173 5.344 5.449 1.51 1.773 5.545 3.399 2.299 2.299 2.457 2.892 5.593 1.857 6.218 3.537 0.951 1.799 1.054 0.383 0 1.415 1.637 2.573 5.882 5.508 2.895 3.371 3.47 2.301 5.278 
5.665 0.083 3.594 0.876 4.029 0.694 0.047 4.514 5.121 3.607 1.601 1.446 8.4 2.175 2.727 2.972 1.433 3.105 1.385 1.438 2.565 1.597 5.648 6.924 2.469 6.234 1.049 1.267 4.241 2.726 7.151 6.619 4.925 2.749 7.793 2.384 4.485 6.73 6.835 2.701 2.801 6.931 4.555 3.685 3.685 3.613 4.048 6.979 3.013 7.604 4.693 2.074 2.344 1.781 1.002 1.117 0 2.793 3.729 5.244 6.894 4.281 4.527 4.626 3.687 6.664 
6.306 2.614 0.8 1.825 2.989 2.088 2.578 3.474 5.166 0.813 1.042 1.479 7.36 1.209 1.593 0.31 1.796 0.443 1.595 1.538 0.697 1.013 6.289 5.884 0.685 5.194 1.611 2.095 1.447 0.393 6.111 5.579 5.566 1.615 6.753 1.246 1.509 5.69 5.795 0.368 0.413 5.891 1.761 2.645 2.645 0.819 1.254 5.939 0.351 6.564 1.899 0.74 1.282 1.087 1.797 1.526 2.531 0 0.935 5.289 5.854 3.241 1.733 1.832 2.647 5.624 
7.279 3.587 0.183 2.798 3.112 3.061 3.551 3.597 6.139 0.196 2.015 2.487 7.483 2.182 1.716 1.283 2.804 1.002 2.603 2.511 1.67 1.986 7.262 6.007 1.658 5.317 2.584 3.068 0.555 1.366 6.234 5.702 6.539 1.738 6.876 1.99 0.939 5.813 5.918 1.341 1.386 6.014 1.149 2.768 2.768 0.152 0.304 6.062 1.324 6.687 1.287 1.713 1.96 2.06 2.77 2.499 3.504 0.972 0 6.262 5.977 3.364 0.644 1.22 2.77 5.747 
1.489 6.601 7.318 5.854 9.99 5.672 6.565 10.475 4.411 7.331 6.813 7.407 13.651 5.661 7.672 6.696 7.394 6.829 7.193 6.693 7.024 6.589 1.472 12.885 6.287 12.195 6.766 7.228 7.965 6.779 13.112 12.58 1.897 7.694 13.754 6.108 8.505 12.691 12.796 6.754 6.653 12.892 8.279 9.646 9.646 7.337 7.772 12.94 6.737 13.565 10.034 7.066 5.869 6.24 6.963 7.078 6.518 6.517 7.453 0 12.855 10.242 8.251 8.35 9.648 12.625 
11.864 7.076 6.708 7.086 3.433 6.904 7.04 3.918 10.724 6.721 5.76 5.577 1.577 6.889 5.032 6.032 5.894 5.747 5.693 6.333 5.531 6.026 11.847 0.815 6.365 4.691 6.406 5.845 7.355 5.702 1.525 0.656 11.124 5.054 0.898 6.926 6.864 0.767 0.726 6.15 6.256 0.49 7.669 3.562 3.562 6.727 7.162 0.31 6.073 0.713 7.807 5.316 6.886 6.141 5.961 6.079 6.993 6.064 6.843 10.847 0 3.685 7.175 7.74 5.391 0.701 
9.102 4.314 3.946 4.324 0.671 4.142 4.278 0.232 7.962 3.959 2.998 2.815 4.165 4.127 2.27 3.27 3.132 2.985 2.931 3.571 2.769 3.264 9.085 2.689 3.603 1.999 3.644 3.083 4.593 2.94 2.916 2.384 8.362 2.292 3.558 4.164 4.102 2.495 2.6 3.388 3.494 2.696 4.907 0.8 0.8 3.965 4.4 2.744 3.311 3.369 5.045 2.554 4.124 3.379 3.199 3.317 4.231 3.302 4.081 8.085 2.659 0 4.413 4.978 2.629 2.429 
10.775 4.348 0.679 3.559 3.41 3.822 4.312 3.895 6.9 0.692 2.776 2.785 7.781 2.943 2.014 2.044 3.102 1.326 2.901 3.272 2.431 2.747 10.758 6.305 2.419 5.615 3.345 3.053 0.285 2.127 6.532 6 7.3 2.036 7.174 2.751 0.339 6.111 6.216 2.102 2.147 6.312 0.946 3.066 3.066 0.968 0.398 6.36 2.085 6.985 1.084 2.081 2.721 2.821 3.531 3.26 4.265 1.733 0.702 7.023 6.275 3.662 0 1.017 3.068 6.045 
9.828 4.382 1.273 3.593 4.202 3.856 4.346 4.687 6.934 1.286 2.81 3.247 7.212 2.977 2.806 2.078 3.564 2.211 3.363 3.306 2.465 2.781 9.811 7.097 2.453 6.407 3.379 3.863 0.666 2.161 7.324 6.792 10.236 2.828 7.966 2.785 1.292 6.903 7.008 2.136 2.181 7.104 0.238 3.858 3.858 1.002 0.881 7.152 2.119 7.777 0.137 2.508 2.755 2.855 3.565 3.294 4.299 1.767 1.155 7.057 7.067 4.454 0.952 0 3.86 6.837 
9.494 4.706 4.338 4.716 0.341 4.534 4.67 0.826 8.354 4.351 3.39 3.207 4.712 4.519 2.662 3.662 3.524 3.377 3.323 3.963 3.161 3.656 9.477 3.236 3.995 2.546 4.036 3.475 4.985 3.332 3.463 2.931 8.754 2.684 4.105 4.556 2.206 3.042 3.147 3.78 3.886 3.243 5.299 0.47 0.47 4.357 4.792 3.291 3.703 3.916 5.437 2.946 4.516 3.771 3.591 3.709 4.623 3.694 4.473 8.477 3.206 0.593 2.517 5.37 0 2.976 
11.774 6.986 6.618 6.996 3.343 6.814 6.95 3.828 10.634 6.631 5.67 5.487 2 6.799 4.942 5.942 5.804 5.657 5.603 6.243 5.441 5.936 11.757 0.259 6.275 4.601 6.316 5.755 7.265 5.612 1.568 0.629 11.034 4.964 1.325 6.836 6.774 0.262 0.17 6.06 6.166 0.463 7.579 3.472 3.472 6.637 7.072 0.511 5.983 1.136 7.717 5.226 6.796 6.051 5.871 5.989 6.903 5.974 6.753 10.757 0.426 3.595 7.085 7.65 5.301 0 
